Generations:
0: ((5, 7, 2, 6, 0, 3, 8, 1, 9, 4), 887)
1: ((5, 7, 2, 6, 0, 3, 8, 1, 9, 4), 887)
2: ((5, 7, 2, 6, 0, 3, 8, 1, 9, 4), 887)
3: ((5, 7, 2, 6, 0, 3, 8, 1, 9, 4), 887)
4: ((5, 7, 2, 6, 0, 3, 8, 1, 9, 4), 887)
5: ((5, 7, 2, 6, 0, 3, 8, 1, 9, 4), 887)
6: ((5, 7, 2, 6, 0, 3, 8, 1, 9, 4), 887)
7: ((5, 7, 2, 6, 0, 3, 8, 1, 9, 4), 887)
8: ((5, 7, 2, 6, 0, 3, 8, 1, 9, 4), 887)
9: ((5, 7, 2, 6, 0, 3, 8, 1, 9, 4), 887)
10: ((5, 7, 2, 6, 0, 3, 8, 1, 9, 4), 887)
11: ((5, 7, 2, 6, 0, 3, 8, 1, 9, 4), 887)
12: ((5, 7, 2, 6, 0, 3, 8, 1, 9, 4), 887)
13: ((5, 7, 2, 6, 0, 3, 8, 1, 9, 4), 887)
14: ((5, 7, 2, 6, 0, 3, 8, 1, 9, 4), 887)
15: ((5, 7, 2, 6, 0, 3, 8, 1, 9, 4), 887)
16: ((5, 7, 2, 6, 0, 3, 8, 1, 9, 4), 887)
17: ((5, 7, 2, 6, 0, 3, 8, 1, 9, 4), 887)
18: ((5, 7, 2, 6, 0, 3, 8, 1, 9, 4), 887)
19: ((5, 7, 2, 6, 0, 3, 8, 1, 9, 4), 887)
20: ((5, 7, 2, 6, 0, 3, 8, 1, 9, 4), 887)
21: ((5, 7, 2, 6, 0, 3, 8, 1, 9, 4), 887)
22: ((5, 7, 2, 6, 0, 3, 8, 1, 9, 4), 887)
23: ((5, 7, 2, 6, 0, 3, 8, 1, 9, 4), 887)
24: ((5, 7, 2, 6, 0, 3, 8, 1, 9, 4), 887)
25: ((5, 7, 2, 6, 0, 3, 8, 1, 9, 4), 887)
26: ((5, 7, 2, 6, 0, 3, 8, 1, 9, 4), 887)
27: ((5, 7, 2, 6, 0, 3, 8, 1, 9, 4), 887)
28: ((5, 7, 2, 6, 0, 3, 8, 1, 9, 4), 887)
29: ((5, 7, 2, 6, 0, 3, 8, 1, 9, 4), 887)
30: ((5, 7, 2, 6, 0, 3, 8, 1, 9, 4), 887)
31: ((5, 7, 2, 6, 0, 3, 8, 1, 9, 4), 887)
32: ((5, 7, 2, 6, 0, 3, 8, 1, 9, 4), 887)
33: ((5, 7, 2, 6, 0, 3, 8, 1, 9, 4), 887)
34: ((5, 7, 2, 6, 0, 3, 8, 1, 9, 4), 887)
35: ((5, 7, 2, 6, 0, 3, 8, 1, 9, 4), 887)
36: ((5, 7, 2, 6, 0, 3, 8, 1, 9, 4), 887)
37: ((5, 7, 2, 6, 0, 3, 8, 1, 9, 4), 887)
38: ((5, 7, 2, 6, 0, 3, 8, 1, 9, 4), 887)
39: ((5, 7, 2, 6, 0, 3, 8, 1, 9, 4), 887)
40: ((5, 7, 2, 6, 0, 3, 8, 1, 9, 4), 887)
41: ((5, 7, 2, 6, 0, 3, 8, 1, 9, 4), 887)
42: ((5, 7, 2, 6, 0, 3, 8, 1, 9, 4), 887)
43: ((5, 7, 2, 6, 0, 3, 8, 1, 9, 4), 887)
44: ((5, 7, 2, 6, 0, 3, 8, 1, 9, 4), 887)
45: ((5, 7, 2, 6, 0, 3, 8, 1, 9, 4), 887)
46: ((5, 7, 2, 6, 0, 3, 8, 1, 9, 4), 887)
47: ((5, 7, 2, 6, 0, 3, 8, 1, 9, 4), 887)
48: ((5, 7, 2, 6, 0, 3, 8, 1, 9, 4), 887)
49: ((5, 7, 2, 6, 0, 3, 8, 1, 9, 4), 887)
50: ((5, 7, 2, 6, 0, 3, 8, 1, 9, 4), 887)
51: ((5, 7, 2, 6, 0, 3, 8, 1, 9, 4), 887)
52: ((5, 7, 2, 6, 0, 3, 8, 1, 9, 4), 887)
53: ((5, 7, 2, 6, 0, 3, 8, 1, 9, 4), 887)
54: ((5, 7, 2, 6, 0, 3, 8, 1, 9, 4), 887)
55: ((5, 7, 2, 6, 0, 3, 8, 1, 9, 4), 887)
56: ((5, 7, 2, 6, 0, 3, 8, 1, 9, 4), 887)
57: ((5, 7, 2, 6, 0, 3, 8, 1, 9, 4), 887)
58: ((5, 7, 2, 6, 0, 3, 8, 1, 9, 4), 887)
59: ((5, 7, 2, 6, 0, 3, 8, 1, 9, 4), 887)
60: ((5, 7, 2, 6, 0, 3, 8, 1, 9, 4), 887)
61: ((5, 7, 2, 6, 0, 3, 8, 1, 9, 4), 887)
62: ((5, 7, 2, 6, 0, 3, 8, 1, 9, 4), 887)
63: ((5, 7, 2, 6, 0, 3, 8, 1, 9, 4), 887)
64: ((5, 7, 2, 6, 0, 3, 8, 1, 9, 4), 887)
65: ((5, 7, 2, 6, 0, 3, 8, 1, 9, 4), 887)
66: ((5, 7, 2, 6, 0, 3, 8, 1, 9, 4), 887)
67: ((5, 7, 2, 6, 0, 3, 8, 1, 9, 4), 887)
68: ((5, 7, 2, 6, 0, 3, 8, 1, 9, 4), 887)
69: ((5, 7, 2, 6, 0, 3, 8, 1, 9, 4), 887)
70: ((5, 7, 2, 6, 0, 3, 8, 1, 9, 4), 887)
71: ((5, 7, 2, 6, 0, 3, 8, 1, 9, 4), 887)
72: ((5, 7, 2, 6, 0, 3, 8, 1, 9, 4), 887)
73: ((5, 7, 2, 6, 0, 3, 8, 1, 9, 4), 887)
74: ((5, 7, 2, 6, 0, 3, 8, 1, 9, 4), 887)
75: ((5, 7, 2, 6, 0, 3, 8, 1, 9, 4), 887)
76: ((5, 7, 2, 6, 0, 3, 8, 1, 9, 4), 887)
77: ((5, 7, 2, 6, 0, 3, 8, 1, 9, 4), 887)
78: ((3, 4, 1, 8, 9, 2, 6, 5, 0, 7), 887)
79: ((3, 4, 1, 8, 9, 2, 6, 5, 0, 7), 887)
80: ((3, 4, 1, 8, 9, 2, 6, 5, 0, 7), 887)
81: ((3, 4, 1, 8, 9, 2, 6, 5, 0, 7), 887)
82: ((3, 4, 1, 8, 9, 2, 6, 5, 0, 7), 887)
83: ((3, 4, 1, 8, 9, 2, 6, 5, 0, 7), 887)
84: ((3, 4, 1, 8, 9, 2, 6, 5, 0, 7), 887)
85: ((3, 4, 1, 8, 9, 2, 6, 5, 0, 7), 887)
86: ((3, 4, 1, 8, 9, 2, 6, 5, 0, 7), 887)
87: ((3, 4, 1, 8, 9, 2, 6, 5, 0, 7), 887)
88: ((3, 4, 1, 8, 9, 2, 6, 5, 0, 7), 887)
89: ((3, 4, 1, 8, 9, 2, 6, 5, 0, 7), 887)
90: ((3, 4, 1, 8, 9, 2, 6, 5, 0, 7), 887)
91: ((3, 4, 1, 8, 9, 2, 6, 5, 0, 7), 887)
92: ((3, 4, 1, 8, 9, 2, 6, 5, 0, 7), 887)
93: ((3, 4, 1, 8, 9, 2, 6, 5, 0, 7), 887)
94: ((3, 4, 1, 8, 9, 2, 6, 5, 0, 7), 887)
95: ((3, 4, 1, 8, 9, 2, 6, 5, 0, 7), 887)
96: ((3, 4, 1, 8, 9, 2, 6, 5, 0, 7), 887)
Best: ((5, 7, 2, 6, 0, 3, 8, 1, 9, 4), 887)
Runtime: 8.5544482 s