Generations:
0: ((7, 2, 9, 1, 4, 0, 6, 3, 8, 5), 887)
1: ((7, 2, 9, 1, 4, 0, 6, 3, 8, 5), 887)
2: ((7, 2, 9, 1, 4, 0, 6, 3, 8, 5), 887)
3: ((7, 2, 9, 1, 4, 0, 6, 3, 8, 5), 887)
4: ((7, 2, 9, 1, 4, 0, 6, 3, 8, 5), 887)
5: ((7, 2, 9, 1, 4, 0, 6, 3, 8, 5), 887)
6: ((7, 2, 9, 1, 4, 0, 6, 3, 8, 5), 887)
7: ((7, 2, 9, 1, 4, 0, 6, 3, 8, 5), 887)
8: ((7, 2, 9, 1, 4, 0, 6, 3, 8, 5), 887)
9: ((7, 2, 9, 1, 4, 0, 6, 3, 8, 5), 887)
10: ((7, 2, 9, 1, 4, 0, 6, 3, 8, 5), 887)
11: ((7, 2, 9, 1, 4, 0, 6, 3, 8, 5), 887)
12: ((7, 2, 9, 1, 4, 0, 6, 3, 8, 5), 887)
13: ((7, 2, 9, 1, 4, 0, 6, 3, 8, 5), 887)
14: ((7, 2, 9, 1, 4, 0, 6, 3, 8, 5), 887)
15: ((7, 2, 9, 1, 4, 0, 6, 3, 8, 5), 887)
16: ((7, 2, 9, 1, 4, 0, 6, 3, 8, 5), 887)
17: ((7, 2, 9, 1, 4, 0, 6, 3, 8, 5), 887)
18: ((7, 2, 9, 1, 4, 0, 6, 3, 8, 5), 887)
19: ((7, 2, 9, 1, 4, 0, 6, 3, 8, 5), 887)
20: ((7, 2, 9, 1, 4, 0, 6, 3, 8, 5), 887)
21: ((7, 2, 9, 1, 4, 0, 6, 3, 8, 5), 887)
22: ((7, 2, 9, 1, 4, 0, 6, 3, 8, 5), 887)
23: ((7, 2, 9, 1, 4, 0, 6, 3, 8, 5), 887)
24: ((7, 2, 9, 1, 4, 0, 6, 3, 8, 5), 887)
25: ((7, 2, 9, 1, 4, 0, 6, 3, 8, 5), 887)
26: ((7, 2, 9, 1, 4, 0, 6, 3, 8, 5), 887)
27: ((7, 2, 9, 1, 4, 0, 6, 3, 8, 5), 887)
28: ((7, 2, 9, 1, 4, 0, 6, 3, 8, 5), 887)
29: ((7, 2, 9, 1, 4, 0, 6, 3, 8, 5), 887)
30: ((7, 2, 9, 1, 4, 0, 6, 3, 8, 5), 887)
31: ((7, 2, 9, 1, 4, 0, 6, 3, 8, 5), 887)
32: ((7, 2, 9, 1, 4, 0, 6, 3, 8, 5), 887)
33: ((7, 2, 9, 1, 4, 0, 6, 3, 8, 5), 887)
34: ((7, 2, 9, 1, 4, 0, 6, 3, 8, 5), 887)
35: ((7, 2, 9, 1, 4, 0, 6, 3, 8, 5), 887)
36: ((7, 2, 9, 1, 4, 0, 6, 3, 8, 5), 887)
37: ((7, 2, 9, 1, 4, 0, 6, 3, 8, 5), 887)
38: ((7, 2, 9, 1, 4, 0, 6, 3, 8, 5), 887)
39: ((7, 2, 9, 1, 4, 0, 6, 3, 8, 5), 887)
40: ((7, 2, 9, 1, 4, 0, 6, 3, 8, 5), 887)
41: ((7, 2, 9, 1, 4, 0, 6, 3, 8, 5), 887)
42: ((7, 2, 9, 1, 4, 0, 6, 3, 8, 5), 887)
43: ((7, 2, 9, 1, 4, 0, 6, 3, 8, 5), 887)
44: ((7, 2, 9, 1, 4, 0, 6, 3, 8, 5), 887)
45: ((7, 2, 9, 1, 4, 0, 6, 3, 8, 5), 887)
46: ((7, 2, 9, 1, 4, 0, 6, 3, 8, 5), 887)
47: ((7, 2, 9, 1, 4, 0, 6, 3, 8, 5), 887)
48: ((7, 2, 9, 1, 4, 0, 6, 3, 8, 5), 887)
49: ((7, 2, 9, 1, 4, 0, 6, 3, 8, 5), 887)
50: ((7, 2, 9, 1, 4, 0, 6, 3, 8, 5), 887)
51: ((7, 2, 9, 1, 4, 0, 6, 3, 8, 5), 887)
52: ((7, 2, 9, 1, 4, 0, 6, 3, 8, 5), 887)
53: ((7, 2, 9, 1, 4, 0, 6, 3, 8, 5), 887)
54: ((7, 2, 9, 1, 4, 0, 6, 3, 8, 5), 887)
55: ((7, 2, 9, 1, 4, 0, 6, 3, 8, 5), 887)
56: ((7, 2, 9, 1, 4, 0, 6, 3, 8, 5), 887)
57: ((7, 2, 9, 1, 4, 0, 6, 3, 8, 5), 887)
58: ((7, 2, 9, 1, 4, 0, 6, 3, 8, 5), 887)
59: ((7, 2, 9, 1, 4, 0, 6, 3, 8, 5), 887)
60: ((7, 2, 9, 1, 4, 0, 6, 3, 8, 5), 887)
61: ((7, 2, 9, 1, 4, 0, 6, 3, 8, 5), 887)
62: ((7, 2, 9, 1, 4, 0, 6, 3, 8, 5), 887)
63: ((7, 2, 9, 1, 4, 0, 6, 3, 8, 5), 887)
64: ((7, 2, 9, 1, 4, 0, 6, 3, 8, 5), 887)
65: ((7, 2, 9, 1, 4, 0, 6, 3, 8, 5), 887)
66: ((7, 2, 9, 1, 4, 0, 6, 3, 8, 5), 887)
67: ((7, 2, 9, 1, 4, 0, 6, 3, 8, 5), 887)
68: ((7, 2, 9, 1, 4, 0, 6, 3, 8, 5), 887)
69: ((7, 2, 9, 1, 4, 0, 6, 3, 8, 5), 887)
70: ((7, 2, 9, 1, 4, 0, 6, 3, 8, 5), 887)
71: ((7, 2, 9, 1, 4, 0, 6, 3, 8, 5), 887)
72: ((7, 2, 9, 1, 4, 0, 6, 3, 8, 5), 887)
73: ((7, 2, 9, 1, 4, 0, 6, 3, 8, 5), 887)
74: ((7, 2, 9, 1, 4, 0, 6, 3, 8, 5), 887)
75: ((7, 2, 9, 1, 4, 0, 6, 3, 8, 5), 887)
76: ((7, 2, 9, 1, 4, 0, 6, 3, 8, 5), 887)
77: ((7, 2, 9, 1, 4, 0, 6, 3, 8, 5), 887)
78: ((7, 2, 9, 1, 4, 0, 6, 3, 8, 5), 887)
79: ((7, 2, 9, 1, 4, 0, 6, 3, 8, 5), 887)
80: ((7, 2, 9, 1, 4, 0, 6, 3, 8, 5), 887)
81: ((7, 2, 9, 1, 4, 0, 6, 3, 8, 5), 887)
82: ((7, 2, 9, 1, 4, 0, 6, 3, 8, 5), 887)
83: ((7, 2, 9, 1, 4, 0, 6, 3, 8, 5), 887)
84: ((7, 2, 9, 1, 4, 0, 6, 3, 8, 5), 887)
85: ((7, 2, 9, 1, 4, 0, 6, 3, 8, 5), 887)
86: ((7, 2, 9, 1, 4, 0, 6, 3, 8, 5), 887)
87: ((7, 2, 9, 1, 4, 0, 6, 3, 8, 5), 887)
88: ((7, 2, 9, 1, 4, 0, 6, 3, 8, 5), 887)
89: ((7, 2, 9, 1, 4, 0, 6, 3, 8, 5), 887)
90: ((7, 2, 9, 1, 4, 0, 6, 3, 8, 5), 887)
91: ((7, 2, 9, 1, 4, 0, 6, 3, 8, 5), 887)
92: ((7, 2, 9, 1, 4, 0, 6, 3, 8, 5), 887)
93: ((7, 2, 9, 1, 4, 0, 6, 3, 8, 5), 887)
94: ((0, 2, 9, 8, 7, 5, 4, 3, 6, 1), 887)
95: ((0, 2, 9, 8, 7, 5, 4, 3, 6, 1), 887)
96: ((0, 2, 9, 8, 7, 5, 4, 3, 6, 1), 887)
Best: ((7, 2, 9, 1, 4, 0, 6, 3, 8, 5), 887)
Runtime: 7.6606141 s