Generations:
0: ((8, 1, 0, 5, 3, 2, 6, 7, 9, 4), 887)
1: ((8, 1, 0, 5, 3, 2, 6, 7, 9, 4), 887)
2: ((8, 1, 0, 5, 3, 2, 6, 7, 9, 4), 887)
3: ((8, 1, 0, 5, 3, 2, 6, 7, 9, 4), 887)
4: ((8, 1, 0, 5, 3, 2, 6, 7, 9, 4), 887)
5: ((8, 1, 0, 5, 3, 2, 6, 7, 9, 4), 887)
6: ((8, 1, 0, 5, 3, 2, 6, 7, 9, 4), 887)
7: ((8, 1, 0, 5, 3, 2, 6, 7, 9, 4), 887)
8: ((8, 1, 0, 5, 3, 2, 6, 7, 9, 4), 887)
9: ((8, 1, 0, 5, 3, 2, 6, 7, 9, 4), 887)
10: ((8, 1, 0, 5, 3, 2, 6, 7, 9, 4), 887)
11: ((8, 1, 0, 5, 3, 2, 6, 7, 9, 4), 887)
12: ((8, 1, 0, 5, 3, 2, 6, 7, 9, 4), 887)
13: ((9, 7, 2, 3, 5, 6, 8, 4, 1, 0), 887)
14: ((9, 7, 2, 3, 5, 6, 8, 4, 1, 0), 887)
15: ((9, 7, 2, 3, 5, 6, 8, 4, 1, 0), 887)
16: ((9, 7, 2, 3, 5, 6, 8, 4, 1, 0), 887)
17: ((9, 7, 2, 3, 5, 6, 8, 4, 1, 0), 887)
18: ((9, 7, 2, 3, 5, 6, 8, 4, 1, 0), 887)
19: ((9, 7, 2, 3, 5, 6, 8, 4, 1, 0), 887)
20: ((9, 7, 2, 3, 5, 6, 8, 4, 1, 0), 887)
21: ((8, 4, 5, 3, 1, 2, 7, 6, 9, 0), 887)
22: ((8, 4, 5, 3, 1, 2, 7, 6, 9, 0), 887)
23: ((8, 4, 5, 3, 1, 2, 7, 6, 9, 0), 887)
24: ((8, 4, 5, 3, 1, 2, 7, 6, 9, 0), 887)
25: ((8, 4, 5, 3, 1, 2, 7, 6, 9, 0), 887)
26: ((4, 1, 8, 3, 7, 2, 5, 6, 9, 0), 887)
27: ((4, 1, 8, 3, 7, 2, 5, 6, 9, 0), 887)
28: ((2, 0, 8, 3, 4, 6, 1, 9, 7, 5), 887)
29: ((2, 0, 8, 3, 4, 6, 1, 9, 7, 5), 887)
30: ((2, 0, 8, 3, 4, 6, 1, 9, 7, 5), 887)
31: ((2, 0, 8, 3, 4, 6, 1, 9, 7, 5), 887)
32: ((2, 0, 8, 3, 4, 6, 1, 9, 7, 5), 887)
33: ((2, 0, 8, 3, 4, 6, 1, 9, 7, 5), 887)
34: ((2, 0, 8, 3, 4, 6, 1, 9, 7, 5), 887)
35: ((2, 0, 8, 3, 4, 6, 1, 9, 7, 5), 887)
36: ((2, 0, 8, 3, 4, 6, 1, 9, 7, 5), 887)
37: ((2, 0, 8, 3, 4, 6, 1, 9, 7, 5), 887)
38: ((2, 0, 8, 3, 4, 6, 1, 9, 7, 5), 887)
39: ((2, 0, 8, 3, 4, 6, 1, 9, 7, 5), 887)
40: ((2, 0, 8, 3, 4, 6, 1, 9, 7, 5), 887)
41: ((2, 0, 8, 3, 4, 6, 1, 9, 7, 5), 887)
42: ((2, 0, 8, 3, 4, 6, 1, 9, 7, 5), 887)
43: ((2, 0, 8, 3, 4, 6, 1, 9, 7, 5), 887)
44: ((2, 0, 8, 3, 4, 6, 1, 9, 7, 5), 887)
45: ((2, 0, 8, 3, 4, 6, 1, 9, 7, 5), 887)
46: ((2, 0, 8, 3, 4, 6, 1, 9, 7, 5), 887)
47: ((2, 0, 8, 3, 4, 6, 1, 9, 7, 5), 887)
48: ((2, 0, 8, 3, 4, 6, 1, 9, 7, 5), 887)
49: ((2, 0, 8, 3, 4, 6, 1, 9, 7, 5), 887)
50: ((2, 0, 8, 3, 4, 6, 1, 9, 7, 5), 887)
51: ((2, 0, 8, 3, 4, 6, 1, 9, 7, 5), 887)
52: ((2, 0, 8, 3, 4, 6, 1, 9, 7, 5), 887)
53: ((2, 0, 8, 3, 4, 6, 1, 9, 7, 5), 887)
54: ((2, 0, 8, 3, 4, 6, 1, 9, 7, 5), 887)
55: ((2, 0, 8, 3, 4, 6, 1, 9, 7, 5), 887)
56: ((2, 0, 8, 3, 4, 6, 1, 9, 7, 5), 887)
57: ((2, 0, 8, 3, 4, 6, 1, 9, 7, 5), 887)
58: ((2, 0, 8, 3, 4, 6, 1, 9, 7, 5), 887)
59: ((2, 0, 8, 3, 4, 6, 1, 9, 7, 5), 887)
60: ((2, 0, 8, 3, 4, 6, 1, 9, 7, 5), 887)
61: ((2, 0, 8, 3, 4, 6, 1, 9, 7, 5), 887)
62: ((2, 0, 8, 3, 4, 6, 1, 9, 7, 5), 887)
63: ((2, 0, 8, 3, 4, 6, 1, 9, 7, 5), 887)
64: ((2, 0, 8, 3, 4, 6, 1, 9, 7, 5), 887)
65: ((2, 0, 8, 3, 4, 6, 1, 9, 7, 5), 887)
66: ((2, 0, 8, 3, 4, 6, 1, 9, 7, 5), 887)
67: ((2, 0, 8, 3, 4, 6, 1, 9, 7, 5), 887)
68: ((2, 0, 8, 3, 4, 6, 1, 9, 7, 5), 887)
69: ((2, 0, 8, 3, 4, 6, 1, 9, 7, 5), 887)
70: ((2, 0, 8, 3, 4, 6, 1, 9, 7, 5), 887)
71: ((2, 0, 8, 3, 4, 6, 1, 9, 7, 5), 887)
72: ((2, 0, 8, 3, 4, 6, 1, 9, 7, 5), 887)
73: ((2, 0, 8, 3, 4, 6, 1, 9, 7, 5), 887)
74: ((2, 0, 8, 3, 4, 6, 1, 9, 7, 5), 887)
75: ((2, 0, 8, 3, 4, 6, 1, 9, 7, 5), 887)
76: ((2, 0, 8, 3, 4, 6, 1, 9, 7, 5), 887)
77: ((2, 0, 8, 3, 4, 6, 1, 9, 7, 5), 887)
78: ((2, 0, 8, 3, 4, 6, 1, 9, 7, 5), 887)
79: ((2, 0, 8, 3, 4, 6, 1, 9, 7, 5), 887)
80: ((2, 0, 8, 3, 4, 6, 1, 9, 7, 5), 887)
81: ((2, 0, 8, 3, 4, 6, 1, 9, 7, 5), 887)
82: ((2, 0, 8, 3, 4, 6, 1, 9, 7, 5), 887)
83: ((2, 0, 8, 3, 4, 6, 1, 9, 7, 5), 887)
84: ((2, 0, 8, 3, 4, 6, 1, 9, 7, 5), 887)
85: ((2, 0, 8, 3, 4, 6, 1, 9, 7, 5), 887)
86: ((2, 0, 8, 3, 4, 6, 1, 9, 7, 5), 887)
87: ((2, 0, 8, 3, 4, 6, 1, 9, 7, 5), 887)
88: ((2, 0, 8, 3, 4, 6, 1, 9, 7, 5), 887)
89: ((2, 0, 8, 3, 4, 6, 1, 9, 7, 5), 887)
90: ((2, 0, 8, 3, 4, 6, 1, 9, 7, 5), 887)
91: ((2, 0, 8, 3, 4, 6, 1, 9, 7, 5), 887)
92: ((2, 0, 8, 3, 4, 6, 1, 9, 7, 5), 887)
93: ((2, 0, 8, 3, 4, 6, 1, 9, 7, 5), 887)
94: ((2, 0, 8, 3, 4, 6, 1, 9, 7, 5), 887)
95: ((2, 0, 8, 3, 4, 6, 1, 9, 7, 5), 887)
96: ((2, 0, 8, 3, 4, 6, 1, 9, 7, 5), 887)
Best: ((8, 1, 0, 5, 3, 2, 6, 7, 9, 4), 887)
Runtime: 8.3615064 s