Generations:
0: ((2, 3, 9, 7, 8, 5, 0, 6, 4, 1), 670)
1: ((7, 4, 3, 1, 2, 5, 9, 6, 0, 8), 657)
2: ((7, 4, 3, 1, 2, 5, 9, 6, 0, 8), 657)
3: ((7, 4, 3, 1, 2, 5, 9, 6, 0, 8), 657)
4: ((7, 4, 3, 1, 2, 5, 9, 6, 0, 8), 657)
5: ((7, 4, 3, 1, 2, 5, 9, 6, 0, 8), 657)
6: ((7, 4, 3, 1, 2, 5, 9, 6, 0, 8), 657)
7: ((3, 5, 2, 9, 7, 1, 8, 4, 0, 6), 657)
8: ((3, 5, 2, 9, 7, 1, 8, 4, 0, 6), 657)
9: ((3, 5, 2, 9, 7, 1, 8, 4, 0, 6), 657)
10: ((3, 5, 2, 9, 7, 1, 8, 4, 0, 6), 657)
11: ((3, 5, 2, 9, 7, 1, 8, 4, 0, 6), 657)
12: ((3, 5, 2, 9, 7, 1, 8, 4, 0, 6), 657)
13: ((3, 5, 2, 9, 7, 1, 8, 4, 0, 6), 657)
14: ((3, 5, 2, 9, 7, 1, 8, 4, 0, 6), 657)
15: ((3, 5, 2, 9, 7, 1, 8, 4, 0, 6), 657)
16: ((3, 5, 2, 9, 7, 1, 8, 4, 0, 6), 657)
17: ((3, 5, 2, 9, 7, 1, 8, 4, 0, 6), 657)
18: ((3, 5, 2, 9, 7, 1, 8, 4, 0, 6), 657)
19: ((3, 5, 2, 9, 7, 1, 8, 4, 0, 6), 657)
20: ((3, 5, 2, 9, 7, 1, 8, 4, 0, 6), 657)
21: ((3, 5, 2, 9, 7, 1, 8, 4, 0, 6), 657)
22: ((3, 5, 2, 9, 7, 1, 8, 4, 0, 6), 657)
23: ((3, 5, 2, 9, 7, 1, 8, 4, 0, 6), 657)
24: ((3, 5, 2, 9, 7, 1, 8, 4, 0, 6), 657)
25: ((3, 5, 2, 9, 7, 1, 8, 4, 0, 6), 657)
26: ((3, 5, 2, 9, 7, 1, 8, 4, 0, 6), 657)
27: ((3, 5, 2, 9, 7, 1, 8, 4, 0, 6), 657)
28: ((3, 5, 2, 9, 7, 1, 8, 4, 0, 6), 657)
29: ((3, 5, 2, 9, 7, 1, 8, 4, 0, 6), 657)
30: ((3, 5, 2, 9, 7, 1, 8, 4, 0, 6), 657)
31: ((3, 5, 2, 9, 7, 1, 8, 4, 0, 6), 657)
32: ((3, 5, 2, 9, 7, 1, 8, 4, 0, 6), 657)
33: ((3, 5, 2, 9, 7, 1, 8, 4, 0, 6), 657)
34: ((3, 5, 2, 9, 7, 1, 8, 4, 0, 6), 657)
35: ((3, 5, 2, 9, 7, 1, 8, 4, 0, 6), 657)
36: ((3, 5, 2, 9, 7, 1, 8, 4, 0, 6), 657)
37: ((3, 5, 2, 9, 7, 1, 8, 4, 0, 6), 657)
38: ((3, 5, 2, 9, 7, 1, 8, 4, 0, 6), 657)
39: ((3, 5, 2, 9, 7, 1, 8, 4, 0, 6), 657)
40: ((3, 5, 2, 9, 7, 1, 8, 4, 0, 6), 657)
41: ((3, 5, 2, 9, 7, 1, 8, 4, 0, 6), 657)
42: ((3, 5, 2, 9, 7, 1, 8, 4, 0, 6), 657)
43: ((3, 5, 2, 9, 7, 1, 8, 4, 0, 6), 657)
44: ((3, 5, 2, 9, 7, 1, 8, 4, 0, 6), 657)
45: ((3, 5, 2, 9, 7, 1, 8, 4, 0, 6), 657)
46: ((3, 5, 2, 9, 7, 1, 8, 4, 0, 6), 657)
47: ((3, 5, 2, 9, 7, 1, 8, 4, 0, 6), 657)
48: ((3, 5, 2, 9, 7, 1, 8, 4, 0, 6), 657)
49: ((3, 5, 2, 9, 7, 1, 8, 4, 0, 6), 657)
50: ((3, 5, 2, 9, 7, 1, 8, 4, 0, 6), 657)
51: ((3, 5, 2, 9, 7, 1, 8, 4, 0, 6), 657)
52: ((3, 5, 2, 9, 7, 1, 8, 4, 0, 6), 657)
53: ((3, 5, 2, 9, 7, 1, 8, 4, 0, 6), 657)
54: ((3, 5, 2, 9, 7, 1, 8, 4, 0, 6), 657)
55: ((3, 5, 2, 9, 7, 1, 8, 4, 0, 6), 657)
56: ((3, 5, 2, 9, 7, 1, 8, 4, 0, 6), 657)
57: ((3, 5, 2, 9, 7, 1, 8, 4, 0, 6), 657)
58: ((3, 5, 2, 9, 7, 1, 8, 4, 0, 6), 657)
59: ((3, 5, 2, 9, 7, 1, 8, 4, 0, 6), 657)
60: ((3, 5, 2, 9, 7, 1, 8, 4, 0, 6), 657)
61: ((3, 5, 2, 9, 7, 1, 8, 4, 0, 6), 657)
62: ((3, 5, 2, 9, 7, 1, 8, 4, 0, 6), 657)
63: ((3, 5, 2, 9, 7, 1, 8, 4, 0, 6), 657)
64: ((3, 5, 2, 9, 7, 1, 8, 4, 0, 6), 657)
65: ((3, 5, 2, 9, 7, 1, 8, 4, 0, 6), 657)
66: ((3, 5, 2, 9, 7, 1, 8, 4, 0, 6), 657)
67: ((3, 5, 2, 9, 7, 1, 8, 4, 0, 6), 657)
68: ((3, 5, 2, 9, 7, 1, 8, 4, 0, 6), 657)
69: ((3, 5, 2, 9, 7, 1, 8, 4, 0, 6), 657)
70: ((3, 5, 2, 9, 7, 1, 8, 4, 0, 6), 657)
71: ((3, 5, 2, 9, 7, 1, 8, 4, 0, 6), 657)
72: ((3, 5, 2, 9, 7, 1, 8, 4, 0, 6), 657)
73: ((3, 5, 2, 9, 7, 1, 8, 4, 0, 6), 657)
74: ((3, 5, 2, 9, 7, 1, 8, 4, 0, 6), 657)
75: ((3, 5, 2, 9, 7, 1, 8, 4, 0, 6), 657)
76: ((3, 5, 2, 9, 7, 1, 8, 4, 0, 6), 657)
77: ((3, 5, 2, 9, 7, 1, 8, 4, 0, 6), 657)
78: ((3, 5, 2, 9, 7, 1, 8, 4, 0, 6), 657)
79: ((3, 5, 2, 9, 7, 1, 8, 4, 0, 6), 657)
80: ((3, 5, 2, 9, 7, 1, 8, 4, 0, 6), 657)
81: ((3, 5, 2, 9, 7, 1, 8, 4, 0, 6), 657)
82: ((3, 5, 2, 9, 7, 1, 8, 4, 0, 6), 657)
83: ((3, 5, 2, 9, 7, 1, 8, 4, 0, 6), 657)
84: ((3, 5, 2, 9, 7, 1, 8, 4, 0, 6), 657)
85: ((3, 5, 2, 9, 7, 1, 8, 4, 0, 6), 657)
86: ((3, 5, 2, 9, 7, 1, 8, 4, 0, 6), 657)
87: ((3, 5, 2, 9, 7, 1, 8, 4, 0, 6), 657)
88: ((3, 5, 2, 9, 7, 1, 8, 4, 0, 6), 657)
89: ((3, 5, 2, 9, 7, 1, 8, 4, 0, 6), 657)
90: ((3, 5, 2, 9, 7, 1, 8, 4, 0, 6), 657)
91: ((3, 5, 2, 9, 7, 1, 8, 4, 0, 6), 657)
92: ((3, 5, 2, 9, 7, 1, 8, 4, 0, 6), 657)
93: ((3, 5, 2, 9, 7, 1, 8, 4, 0, 6), 657)
94: ((3, 5, 2, 9, 7, 1, 8, 4, 0, 6), 657)
95: ((3, 5, 2, 9, 7, 1, 8, 4, 0, 6), 657)
96: ((3, 5, 2, 9, 7, 1, 8, 4, 0, 6), 657)
Best: ((7, 4, 3, 1, 2, 5, 9, 6, 0, 8), 657)
Runtime: 21.477012600000002 s