Generations:
0: ((3, 4, 7, 2, 6, 1, 9, 8, 0, 5), 664)
1: ((2, 7, 0, 4, 9, 3, 1, 6, 8, 5), 657)
2: ((2, 7, 0, 4, 9, 3, 1, 6, 8, 5), 657)
3: ((2, 7, 0, 4, 9, 3, 1, 6, 8, 5), 657)
4: ((2, 7, 0, 4, 9, 3, 1, 6, 8, 5), 657)
5: ((2, 7, 0, 4, 9, 3, 1, 6, 8, 5), 657)
6: ((2, 7, 0, 4, 9, 3, 1, 6, 8, 5), 657)
7: ((2, 7, 0, 4, 9, 3, 1, 6, 8, 5), 657)
8: ((2, 7, 0, 4, 9, 3, 1, 6, 8, 5), 657)
9: ((2, 7, 0, 4, 9, 3, 1, 6, 8, 5), 657)
10: ((2, 7, 0, 4, 9, 3, 1, 6, 8, 5), 657)
11: ((2, 7, 0, 4, 9, 3, 1, 6, 8, 5), 657)
12: ((2, 7, 0, 4, 9, 3, 1, 6, 8, 5), 657)
13: ((2, 7, 0, 4, 9, 3, 1, 6, 8, 5), 657)
14: ((2, 7, 0, 4, 9, 3, 1, 6, 8, 5), 657)
15: ((2, 7, 0, 4, 9, 3, 1, 6, 8, 5), 657)
16: ((2, 7, 0, 4, 9, 3, 1, 6, 8, 5), 657)
17: ((2, 7, 0, 4, 9, 3, 1, 6, 8, 5), 657)
18: ((2, 7, 0, 4, 9, 3, 1, 6, 8, 5), 657)
19: ((2, 7, 0, 4, 9, 3, 1, 6, 8, 5), 657)
20: ((2, 7, 0, 4, 9, 3, 1, 6, 8, 5), 657)
21: ((2, 7, 0, 4, 9, 3, 1, 6, 8, 5), 657)
22: ((2, 7, 0, 4, 9, 3, 1, 6, 8, 5), 657)
23: ((2, 7, 0, 4, 9, 3, 1, 6, 8, 5), 657)
24: ((2, 7, 0, 4, 9, 3, 1, 6, 8, 5), 657)
25: ((2, 7, 0, 4, 9, 3, 1, 6, 8, 5), 657)
26: ((2, 7, 0, 4, 9, 3, 1, 6, 8, 5), 657)
27: ((2, 7, 0, 4, 9, 3, 1, 6, 8, 5), 657)
28: ((2, 7, 0, 4, 9, 3, 1, 6, 8, 5), 657)
29: ((2, 7, 0, 4, 9, 3, 1, 6, 8, 5), 657)
30: ((2, 7, 0, 4, 9, 3, 1, 6, 8, 5), 657)
31: ((0, 3, 9, 7, 1, 6, 2, 5, 4, 8), 657)
32: ((0, 3, 9, 7, 1, 6, 2, 5, 4, 8), 657)
33: ((7, 3, 0, 4, 2, 9, 1, 6, 5, 8), 657)
34: ((7, 3, 0, 4, 2, 9, 1, 6, 5, 8), 657)
35: ((7, 3, 0, 4, 2, 9, 1, 6, 5, 8), 657)
36: ((3, 7, 4, 2, 1, 0, 5, 6, 9, 8), 657)
37: ((3, 7, 4, 2, 1, 0, 5, 6, 9, 8), 657)
38: ((3, 7, 4, 2, 1, 0, 5, 6, 9, 8), 657)
39: ((3, 7, 4, 2, 1, 0, 5, 6, 9, 8), 657)
40: ((3, 7, 4, 2, 1, 0, 5, 6, 9, 8), 657)
41: ((3, 7, 4, 2, 1, 0, 5, 6, 9, 8), 657)
42: ((7, 3, 1, 2, 9, 0, 6, 5, 8, 4), 657)
43: ((7, 3, 1, 2, 9, 0, 6, 5, 8, 4), 657)
44: ((7, 3, 1, 2, 9, 0, 6, 5, 8, 4), 657)
45: ((7, 3, 1, 2, 9, 0, 6, 5, 8, 4), 657)
46: ((7, 3, 1, 2, 9, 0, 6, 5, 8, 4), 657)
47: ((7, 3, 1, 2, 9, 0, 6, 5, 8, 4), 657)
48: ((4, 3, 7, 0, 2, 1, 6, 9, 8, 5), 657)
49: ((4, 3, 7, 0, 2, 1, 6, 9, 8, 5), 657)
50: ((4, 3, 7, 0, 2, 1, 6, 9, 8, 5), 657)
51: ((4, 3, 7, 0, 2, 1, 6, 9, 8, 5), 657)
52: ((4, 3, 7, 0, 2, 1, 6, 9, 8, 5), 657)
53: ((4, 3, 7, 0, 2, 1, 6, 9, 8, 5), 657)
54: ((4, 3, 7, 0, 2, 1, 6, 9, 8, 5), 657)
55: ((4, 3, 7, 0, 2, 1, 6, 9, 8, 5), 657)
56: ((4, 3, 7, 0, 2, 1, 6, 9, 8, 5), 657)
57: ((4, 3, 7, 0, 2, 1, 6, 9, 8, 5), 657)
58: ((4, 3, 7, 0, 2, 1, 6, 9, 8, 5), 657)
59: ((4, 3, 7, 0, 2, 1, 6, 9, 8, 5), 657)
60: ((4, 3, 7, 0, 2, 1, 6, 9, 8, 5), 657)
61: ((4, 3, 7, 0, 2, 1, 6, 9, 8, 5), 657)
62: ((4, 3, 7, 0, 2, 1, 6, 9, 8, 5), 657)
63: ((4, 3, 7, 0, 2, 1, 6, 9, 8, 5), 657)
64: ((4, 3, 7, 0, 2, 1, 6, 9, 8, 5), 657)
65: ((4, 3, 7, 0, 2, 1, 6, 9, 8, 5), 657)
66: ((4, 3, 7, 0, 2, 1, 6, 9, 8, 5), 657)
67: ((4, 3, 7, 0, 2, 1, 6, 9, 8, 5), 657)
68: ((4, 3, 7, 0, 2, 1, 6, 9, 8, 5), 657)
69: ((4, 3, 7, 0, 2, 1, 6, 9, 8, 5), 657)
70: ((4, 3, 7, 0, 2, 1, 6, 9, 8, 5), 657)
71: ((4, 3, 7, 0, 2, 1, 6, 9, 8, 5), 657)
72: ((4, 3, 7, 0, 2, 1, 6, 9, 8, 5), 657)
73: ((4, 3, 7, 0, 2, 1, 6, 9, 8, 5), 657)
74: ((4, 3, 7, 0, 2, 1, 6, 9, 8, 5), 657)
75: ((4, 3, 7, 0, 2, 1, 6, 9, 8, 5), 657)
76: ((4, 3, 7, 0, 2, 1, 6, 9, 8, 5), 657)
77: ((4, 3, 7, 0, 2, 1, 6, 9, 8, 5), 657)
78: ((4, 3, 7, 0, 2, 1, 6, 9, 8, 5), 657)
79: ((4, 3, 7, 0, 2, 1, 6, 9, 8, 5), 657)
80: ((4, 3, 7, 0, 2, 1, 6, 9, 8, 5), 657)
81: ((4, 3, 7, 0, 2, 1, 6, 9, 8, 5), 657)
82: ((3, 0, 2, 7, 1, 9, 5, 6, 8, 4), 657)
83: ((3, 0, 2, 7, 1, 9, 5, 6, 8, 4), 657)
84: ((3, 0, 2, 7, 1, 9, 5, 6, 8, 4), 657)
85: ((3, 0, 2, 7, 1, 9, 5, 6, 8, 4), 657)
86: ((5, 0, 7, 9, 2, 3, 1, 6, 4, 8), 657)
87: ((5, 0, 7, 9, 2, 3, 1, 6, 4, 8), 657)
88: ((5, 0, 7, 9, 2, 3, 1, 6, 4, 8), 657)
89: ((5, 0, 7, 9, 2, 3, 1, 6, 4, 8), 657)
90: ((5, 0, 7, 9, 2, 3, 1, 6, 4, 8), 657)
91: ((5, 0, 7, 9, 2, 3, 1, 6, 4, 8), 657)
92: ((5, 0, 7, 9, 2, 3, 1, 6, 4, 8), 657)
93: ((5, 0, 7, 9, 2, 3, 1, 6, 4, 8), 657)
94: ((5, 0, 7, 9, 2, 3, 1, 6, 4, 8), 657)
95: ((5, 0, 7, 9, 2, 3, 1, 6, 4, 8), 657)
96: ((5, 0, 7, 9, 2, 3, 1, 6, 4, 8), 657)
Best: ((2, 7, 0, 4, 9, 3, 1, 6, 8, 5), 657)
Runtime: 20.1108206 s