Generations:
0: ((9, 4, 1, 8, 5, 7, 3, 2, 0, 6), 900)
1: ((9, 4, 1, 8, 5, 7, 3, 2, 0, 6), 900)
2: ((9, 4, 1, 8, 5, 7, 3, 2, 0, 6), 900)
3: ((9, 4, 1, 8, 5, 7, 3, 2, 0, 6), 900)
4: ((9, 4, 1, 8, 5, 7, 3, 2, 0, 6), 900)
5: ((9, 4, 1, 8, 5, 7, 3, 2, 0, 6), 900)
6: ((9, 4, 1, 8, 5, 7, 3, 2, 0, 6), 900)
7: ((9, 4, 1, 8, 5, 7, 3, 2, 0, 6), 900)
8: ((9, 4, 1, 8, 5, 7, 3, 2, 0, 6), 900)
9: ((9, 4, 1, 8, 5, 7, 3, 2, 0, 6), 900)
10: ((9, 4, 1, 8, 5, 7, 3, 2, 0, 6), 900)
11: ((9, 4, 1, 8, 5, 7, 3, 2, 0, 6), 900)
12: ((9, 4, 1, 8, 5, 7, 3, 2, 0, 6), 900)
13: ((9, 4, 1, 8, 5, 7, 3, 2, 0, 6), 900)
14: ((9, 4, 1, 8, 5, 7, 3, 2, 0, 6), 900)
15: ((9, 4, 1, 8, 5, 7, 3, 2, 0, 6), 900)
16: ((9, 4, 1, 8, 5, 7, 3, 2, 0, 6), 900)
17: ((9, 4, 1, 8, 5, 7, 3, 2, 0, 6), 900)
18: ((9, 4, 1, 8, 5, 7, 3, 2, 0, 6), 900)
19: ((9, 4, 1, 8, 5, 7, 3, 2, 0, 6), 900)
20: ((9, 4, 1, 8, 5, 7, 3, 2, 0, 6), 900)
21: ((9, 4, 1, 8, 5, 7, 3, 2, 0, 6), 900)
22: ((9, 4, 1, 8, 5, 7, 3, 2, 0, 6), 900)
23: ((9, 4, 1, 8, 5, 7, 3, 2, 0, 6), 900)
24: ((9, 4, 1, 8, 5, 7, 3, 2, 0, 6), 900)
25: ((9, 4, 1, 8, 5, 7, 3, 2, 0, 6), 900)
26: ((9, 4, 1, 8, 5, 7, 3, 2, 0, 6), 900)
27: ((9, 4, 1, 8, 5, 7, 3, 2, 0, 6), 900)
28: ((9, 4, 1, 8, 5, 7, 3, 2, 0, 6), 900)
29: ((9, 4, 1, 8, 5, 7, 3, 2, 0, 6), 900)
30: ((9, 4, 1, 8, 5, 7, 3, 2, 0, 6), 900)
31: ((9, 4, 1, 8, 5, 7, 3, 2, 0, 6), 900)
32: ((9, 4, 1, 8, 5, 7, 3, 2, 0, 6), 900)
33: ((9, 4, 1, 8, 5, 7, 3, 2, 0, 6), 900)
34: ((9, 4, 1, 8, 5, 7, 3, 2, 0, 6), 900)
35: ((9, 4, 1, 8, 5, 7, 3, 2, 0, 6), 900)
36: ((9, 4, 1, 8, 5, 7, 3, 2, 0, 6), 900)
37: ((9, 4, 1, 8, 5, 7, 3, 2, 0, 6), 900)
38: ((9, 4, 1, 8, 5, 7, 3, 2, 0, 6), 900)
39: ((9, 4, 1, 8, 5, 7, 3, 2, 0, 6), 900)
40: ((9, 4, 1, 8, 5, 7, 3, 2, 0, 6), 900)
41: ((9, 4, 1, 8, 5, 7, 3, 2, 0, 6), 900)
42: ((9, 4, 1, 8, 5, 7, 3, 2, 0, 6), 900)
43: ((5, 3, 7, 4, 1, 9, 6, 0, 2, 8), 900)
44: ((5, 3, 7, 4, 1, 9, 6, 0, 2, 8), 900)
45: ((5, 3, 7, 4, 1, 9, 6, 0, 2, 8), 900)
46: ((5, 3, 7, 4, 1, 9, 6, 0, 2, 8), 900)
47: ((5, 3, 7, 4, 1, 9, 6, 0, 2, 8), 900)
48: ((5, 3, 7, 4, 1, 9, 6, 0, 2, 8), 900)
49: ((5, 3, 7, 4, 1, 9, 6, 0, 2, 8), 900)
50: ((5, 3, 7, 4, 1, 9, 6, 0, 2, 8), 900)
51: ((5, 3, 7, 4, 1, 9, 6, 0, 2, 8), 900)
52: ((5, 3, 7, 4, 1, 9, 6, 0, 2, 8), 900)
53: ((5, 3, 7, 4, 1, 9, 6, 0, 2, 8), 900)
54: ((5, 3, 7, 4, 1, 9, 6, 0, 2, 8), 900)
55: ((5, 3, 7, 4, 1, 9, 6, 0, 2, 8), 900)
56: ((5, 3, 7, 4, 1, 9, 6, 0, 2, 8), 900)
57: ((5, 3, 7, 4, 1, 9, 6, 0, 2, 8), 900)
58: ((5, 3, 7, 4, 1, 9, 6, 0, 2, 8), 900)
59: ((5, 3, 7, 4, 1, 9, 6, 0, 2, 8), 900)
60: ((5, 3, 7, 4, 1, 9, 6, 0, 2, 8), 900)
61: ((5, 3, 7, 4, 1, 9, 6, 0, 2, 8), 900)
62: ((5, 3, 7, 4, 1, 9, 6, 0, 2, 8), 900)
63: ((5, 3, 7, 4, 1, 9, 6, 0, 2, 8), 900)
64: ((5, 3, 7, 4, 1, 9, 6, 0, 2, 8), 900)
65: ((5, 3, 7, 4, 1, 9, 6, 0, 2, 8), 900)
66: ((5, 3, 7, 4, 1, 9, 6, 0, 2, 8), 900)
67: ((5, 3, 7, 4, 1, 9, 6, 0, 2, 8), 900)
68: ((5, 3, 7, 4, 1, 9, 6, 0, 2, 8), 900)
69: ((5, 3, 7, 4, 1, 9, 6, 0, 2, 8), 900)
70: ((5, 3, 7, 4, 1, 9, 6, 0, 2, 8), 900)
71: ((5, 3, 7, 4, 1, 9, 6, 0, 2, 8), 900)
72: ((5, 3, 7, 4, 1, 9, 6, 0, 2, 8), 900)
73: ((5, 3, 7, 4, 1, 9, 6, 0, 2, 8), 900)
74: ((5, 3, 7, 4, 1, 9, 6, 0, 2, 8), 900)
75: ((5, 3, 7, 4, 1, 9, 6, 0, 2, 8), 900)
76: ((5, 3, 7, 4, 1, 9, 6, 0, 2, 8), 900)
77: ((5, 3, 7, 4, 1, 9, 6, 0, 2, 8), 900)
78: ((5, 3, 7, 4, 1, 9, 6, 0, 2, 8), 900)
79: ((5, 3, 7, 4, 1, 9, 6, 0, 2, 8), 900)
80: ((5, 3, 7, 4, 1, 9, 6, 0, 2, 8), 900)
81: ((5, 3, 7, 4, 1, 9, 6, 0, 2, 8), 900)
82: ((5, 3, 7, 4, 1, 9, 6, 0, 2, 8), 900)
83: ((5, 3, 7, 4, 1, 9, 6, 0, 2, 8), 900)
84: ((5, 3, 7, 4, 1, 9, 6, 0, 2, 8), 900)
85: ((5, 3, 7, 4, 1, 9, 6, 0, 2, 8), 900)
86: ((5, 3, 7, 4, 1, 9, 6, 0, 2, 8), 900)
87: ((5, 3, 7, 4, 1, 9, 6, 0, 2, 8), 900)
88: ((5, 3, 7, 4, 1, 9, 6, 0, 2, 8), 900)
89: ((5, 3, 7, 4, 1, 9, 6, 0, 2, 8), 900)
90: ((5, 3, 7, 4, 1, 9, 6, 0, 2, 8), 900)
91: ((5, 3, 7, 4, 1, 9, 6, 0, 2, 8), 900)
92: ((5, 3, 7, 4, 1, 9, 6, 0, 2, 8), 900)
93: ((5, 3, 7, 4, 1, 9, 6, 0, 2, 8), 900)
94: ((4, 6, 3, 0, 9, 7, 8, 2, 5, 1), 900)
95: ((4, 6, 3, 0, 9, 7, 8, 2, 5, 1), 900)
96: ((4, 6, 3, 0, 9, 7, 8, 2, 5, 1), 900)
Best: ((9, 4, 1, 8, 5, 7, 3, 2, 0, 6), 900)
Runtime: 13.533915299999999 s