Generations:
0: ((5, 6, 9, 11, 14, 0, 2, 12, 3, 10, 13, 1, 7, 4, 8), 952)
1: ((5, 6, 9, 11, 14, 0, 2, 12, 3, 10, 13, 1, 7, 4, 8), 952)
2: ((5, 6, 9, 11, 14, 0, 2, 12, 3, 10, 13, 1, 7, 4, 8), 952)
3: ((5, 6, 9, 11, 14, 0, 2, 12, 3, 10, 13, 1, 7, 4, 8), 952)
4: ((5, 6, 9, 11, 14, 0, 2, 12, 3, 10, 13, 1, 7, 4, 8), 952)
5: ((5, 6, 9, 11, 14, 0, 2, 12, 3, 10, 13, 1, 7, 4, 8), 952)
6: ((5, 6, 9, 11, 14, 0, 2, 12, 3, 10, 13, 1, 7, 4, 8), 952)
7: ((5, 6, 9, 11, 14, 0, 2, 12, 3, 10, 13, 1, 7, 4, 8), 952)
8: ((5, 6, 9, 11, 14, 0, 2, 12, 3, 10, 13, 1, 7, 4, 8), 952)
9: ((5, 6, 9, 11, 14, 0, 2, 12, 3, 10, 13, 1, 7, 4, 8), 952)
10: ((5, 6, 9, 11, 14, 0, 2, 12, 3, 10, 13, 1, 7, 4, 8), 952)
11: ((5, 6, 9, 11, 14, 0, 2, 12, 3, 10, 13, 1, 7, 4, 8), 952)
12: ((5, 6, 9, 11, 14, 0, 2, 12, 3, 10, 13, 1, 7, 4, 8), 952)
13: ((5, 6, 9, 11, 14, 0, 2, 12, 3, 10, 13, 1, 7, 4, 8), 952)
14: ((5, 6, 9, 11, 14, 0, 2, 12, 3, 10, 13, 1, 7, 4, 8), 952)
15: ((5, 6, 9, 11, 14, 0, 2, 12, 3, 10, 13, 1, 7, 4, 8), 952)
16: ((5, 6, 9, 11, 14, 0, 2, 12, 3, 10, 13, 1, 7, 4, 8), 952)
17: ((5, 6, 9, 11, 14, 0, 2, 12, 3, 10, 13, 1, 7, 4, 8), 952)
18: ((5, 6, 9, 11, 14, 0, 2, 12, 3, 10, 13, 1, 7, 4, 8), 952)
19: ((5, 6, 9, 11, 14, 0, 2, 12, 3, 10, 13, 1, 7, 4, 8), 952)
20: ((5, 6, 9, 11, 14, 0, 2, 12, 3, 10, 13, 1, 7, 4, 8), 952)
21: ((5, 6, 9, 11, 14, 0, 2, 12, 3, 10, 13, 1, 7, 4, 8), 952)
22: ((5, 6, 9, 11, 14, 0, 2, 12, 3, 10, 13, 1, 7, 4, 8), 952)
23: ((5, 6, 9, 11, 14, 0, 2, 12, 3, 10, 13, 1, 7, 4, 8), 952)
24: ((5, 6, 9, 11, 14, 0, 2, 12, 3, 10, 13, 1, 7, 4, 8), 952)
25: ((5, 6, 9, 11, 14, 0, 2, 12, 3, 10, 13, 1, 7, 4, 8), 952)
26: ((5, 6, 9, 11, 14, 0, 2, 12, 3, 10, 13, 1, 7, 4, 8), 952)
27: ((5, 6, 9, 11, 14, 0, 2, 12, 3, 10, 13, 1, 7, 4, 8), 952)
28: ((5, 6, 9, 11, 14, 0, 2, 12, 3, 10, 13, 1, 7, 4, 8), 952)
29: ((5, 6, 9, 11, 14, 0, 2, 12, 3, 10, 13, 1, 7, 4, 8), 952)
30: ((5, 6, 9, 11, 14, 0, 2, 12, 3, 10, 13, 1, 7, 4, 8), 952)
31: ((5, 6, 9, 11, 14, 0, 2, 12, 3, 10, 13, 1, 7, 4, 8), 952)
32: ((5, 6, 9, 11, 14, 0, 2, 12, 3, 10, 13, 1, 7, 4, 8), 952)
33: ((5, 6, 9, 11, 14, 0, 2, 12, 3, 10, 13, 1, 7, 4, 8), 952)
34: ((5, 6, 9, 11, 14, 0, 2, 12, 3, 10, 13, 1, 7, 4, 8), 952)
35: ((5, 6, 9, 11, 14, 0, 2, 12, 3, 10, 13, 1, 7, 4, 8), 952)
36: ((5, 6, 9, 11, 14, 0, 2, 12, 3, 10, 13, 1, 7, 4, 8), 952)
37: ((5, 6, 9, 11, 14, 0, 2, 12, 3, 10, 13, 1, 7, 4, 8), 952)
38: ((5, 6, 9, 11, 14, 0, 2, 12, 3, 10, 13, 1, 7, 4, 8), 952)
39: ((5, 6, 9, 11, 14, 0, 2, 12, 3, 10, 13, 1, 7, 4, 8), 952)
40: ((5, 6, 9, 11, 14, 0, 2, 12, 3, 10, 13, 1, 7, 4, 8), 952)
41: ((5, 6, 9, 11, 14, 0, 2, 12, 3, 10, 13, 1, 7, 4, 8), 952)
42: ((5, 6, 9, 11, 14, 0, 2, 12, 3, 10, 13, 1, 7, 4, 8), 952)
43: ((5, 6, 9, 11, 14, 0, 2, 12, 3, 10, 13, 1, 7, 4, 8), 952)
44: ((5, 6, 9, 11, 14, 0, 2, 12, 3, 10, 13, 1, 7, 4, 8), 952)
45: ((5, 6, 9, 11, 14, 0, 2, 12, 3, 10, 13, 1, 7, 4, 8), 952)
46: ((5, 6, 9, 11, 14, 0, 2, 12, 3, 10, 13, 1, 7, 4, 8), 952)
47: ((5, 6, 9, 11, 14, 0, 2, 12, 3, 10, 13, 1, 7, 4, 8), 952)
48: ((5, 6, 9, 11, 14, 0, 2, 12, 3, 10, 13, 1, 7, 4, 8), 952)
49: ((5, 6, 9, 11, 14, 0, 2, 12, 3, 10, 13, 1, 7, 4, 8), 952)
50: ((5, 6, 9, 11, 14, 0, 2, 12, 3, 10, 13, 1, 7, 4, 8), 952)
51: ((5, 6, 9, 11, 14, 0, 2, 12, 3, 10, 13, 1, 7, 4, 8), 952)
52: ((5, 6, 9, 11, 14, 0, 2, 12, 3, 10, 13, 1, 7, 4, 8), 952)
53: ((5, 6, 9, 11, 14, 0, 2, 12, 3, 10, 13, 1, 7, 4, 8), 952)
54: ((5, 6, 9, 11, 14, 0, 2, 12, 3, 10, 13, 1, 7, 4, 8), 952)
55: ((5, 6, 9, 11, 14, 0, 2, 12, 3, 10, 13, 1, 7, 4, 8), 952)
56: ((5, 6, 9, 11, 14, 0, 2, 12, 3, 10, 13, 1, 7, 4, 8), 952)
57: ((5, 6, 9, 11, 14, 0, 2, 12, 3, 10, 13, 1, 7, 4, 8), 952)
58: ((5, 6, 9, 11, 14, 0, 2, 12, 3, 10, 13, 1, 7, 4, 8), 952)
59: ((5, 6, 9, 11, 14, 0, 2, 12, 3, 10, 13, 1, 7, 4, 8), 952)
60: ((5, 6, 9, 11, 14, 0, 2, 12, 3, 10, 13, 1, 7, 4, 8), 952)
61: ((5, 6, 9, 11, 14, 0, 2, 12, 3, 10, 13, 1, 7, 4, 8), 952)
62: ((5, 6, 9, 11, 14, 0, 2, 12, 3, 10, 13, 1, 7, 4, 8), 952)
63: ((5, 6, 9, 11, 14, 0, 2, 12, 3, 10, 13, 1, 7, 4, 8), 952)
64: ((5, 6, 9, 11, 14, 0, 2, 12, 3, 10, 13, 1, 7, 4, 8), 952)
65: ((5, 6, 9, 11, 14, 0, 2, 12, 3, 10, 13, 1, 7, 4, 8), 952)
66: ((5, 6, 9, 11, 14, 0, 2, 12, 3, 10, 13, 1, 7, 4, 8), 952)
67: ((5, 6, 9, 11, 14, 0, 2, 12, 3, 10, 13, 1, 7, 4, 8), 952)
68: ((5, 6, 9, 11, 14, 0, 2, 12, 3, 10, 13, 1, 7, 4, 8), 952)
69: ((8, 9, 0, 12, 13, 2, 6, 3, 4, 10, 14, 11, 7, 1, 5), 952)
70: ((8, 9, 0, 12, 13, 2, 6, 3, 4, 10, 14, 11, 7, 1, 5), 952)
71: ((8, 9, 0, 12, 13, 2, 6, 3, 4, 10, 14, 11, 7, 1, 5), 952)
72: ((8, 9, 0, 12, 13, 2, 6, 3, 4, 10, 14, 11, 7, 1, 5), 952)
73: ((8, 9, 0, 12, 13, 2, 6, 3, 4, 10, 14, 11, 7, 1, 5), 952)
74: ((8, 9, 0, 12, 13, 2, 6, 3, 4, 10, 14, 11, 7, 1, 5), 952)
75: ((8, 9, 0, 12, 13, 2, 6, 3, 4, 10, 14, 11, 7, 1, 5), 952)
76: ((8, 9, 0, 12, 13, 2, 6, 3, 4, 10, 14, 11, 7, 1, 5), 952)
77: ((8, 9, 0, 12, 13, 2, 6, 3, 4, 10, 14, 11, 7, 1, 5), 952)
78: ((8, 9, 0, 12, 13, 2, 6, 3, 4, 10, 14, 11, 7, 1, 5), 952)
79: ((8, 9, 0, 12, 13, 2, 6, 3, 4, 10, 14, 11, 7, 1, 5), 952)
80: ((8, 9, 0, 12, 13, 2, 6, 3, 4, 10, 14, 11, 7, 1, 5), 952)
81: ((8, 9, 0, 12, 13, 2, 6, 3, 4, 10, 14, 11, 7, 1, 5), 952)
82: ((8, 9, 0, 12, 13, 2, 6, 3, 4, 10, 14, 11, 7, 1, 5), 952)
83: ((8, 9, 0, 12, 13, 2, 6, 3, 4, 10, 14, 11, 7, 1, 5), 952)
84: ((8, 9, 0, 12, 13, 2, 6, 3, 4, 10, 14, 11, 7, 1, 5), 952)
85: ((8, 9, 0, 12, 13, 2, 6, 3, 4, 10, 14, 11, 7, 1, 5), 952)
86: ((8, 9, 0, 12, 13, 2, 6, 3, 4, 10, 14, 11, 7, 1, 5), 952)
87: ((8, 9, 0, 12, 13, 2, 6, 3, 4, 10, 14, 11, 7, 1, 5), 952)
88: ((8, 9, 0, 12, 13, 2, 6, 3, 4, 10, 14, 11, 7, 1, 5), 952)
89: ((8, 9, 0, 12, 13, 2, 6, 3, 4, 10, 14, 11, 7, 1, 5), 952)
90: ((8, 9, 0, 12, 13, 2, 6, 3, 4, 10, 14, 11, 7, 1, 5), 952)
91: ((8, 9, 0, 12, 13, 2, 6, 3, 4, 10, 14, 11, 7, 1, 5), 952)
92: ((8, 9, 0, 12, 13, 2, 6, 3, 4, 10, 14, 11, 7, 1, 5), 952)
93: ((8, 9, 0, 12, 13, 2, 6, 3, 4, 10, 14, 11, 7, 1, 5), 952)
94: ((8, 9, 0, 12, 13, 2, 6, 3, 4, 10, 14, 11, 7, 1, 5), 952)
95: ((8, 9, 0, 12, 13, 2, 6, 3, 4, 10, 14, 11, 7, 1, 5), 952)
Best: ((5, 6, 9, 11, 14, 0, 2, 12, 3, 10, 13, 1, 7, 4, 8), 952)
Runtime: 14.628345999999999 s