Generations:
0: ((0, 13, 4, 10, 8, 7, 12, 11, 6, 14, 5, 2, 9, 1, 3), 1071)
1: ((0, 13, 4, 10, 8, 7, 12, 11, 6, 14, 5, 2, 9, 1, 3), 1071)
2: ((0, 13, 4, 10, 8, 7, 12, 11, 6, 14, 5, 2, 9, 1, 3), 1071)
3: ((0, 13, 4, 10, 8, 7, 12, 11, 6, 14, 5, 2, 9, 1, 3), 1071)
4: ((0, 13, 4, 10, 8, 7, 12, 11, 6, 14, 5, 2, 9, 1, 3), 1071)
5: ((0, 13, 4, 10, 8, 7, 12, 11, 6, 14, 5, 2, 9, 1, 3), 1071)
6: ((0, 13, 4, 10, 8, 7, 12, 11, 6, 14, 5, 2, 9, 1, 3), 1071)
7: ((0, 13, 4, 10, 8, 7, 12, 11, 6, 14, 5, 2, 9, 1, 3), 1071)
8: ((0, 13, 4, 10, 8, 7, 12, 11, 6, 14, 5, 2, 9, 1, 3), 1071)
9: ((0, 13, 4, 10, 8, 7, 12, 11, 6, 14, 5, 2, 9, 1, 3), 1071)
10: ((0, 13, 4, 10, 8, 7, 12, 11, 6, 14, 5, 2, 9, 1, 3), 1071)
11: ((0, 13, 4, 10, 8, 7, 12, 11, 6, 14, 5, 2, 9, 1, 3), 1071)
12: ((0, 13, 4, 10, 8, 7, 12, 11, 6, 14, 5, 2, 9, 1, 3), 1071)
13: ((0, 13, 4, 10, 8, 7, 12, 11, 6, 14, 5, 2, 9, 1, 3), 1071)
14: ((0, 13, 4, 10, 8, 7, 12, 11, 6, 14, 5, 2, 9, 1, 3), 1071)
15: ((0, 13, 4, 10, 8, 7, 12, 11, 6, 14, 5, 2, 9, 1, 3), 1071)
16: ((0, 13, 4, 10, 8, 7, 12, 11, 6, 14, 5, 2, 9, 1, 3), 1071)
17: ((0, 13, 4, 10, 8, 7, 12, 11, 6, 14, 5, 2, 9, 1, 3), 1071)
18: ((0, 13, 4, 10, 8, 7, 12, 11, 6, 14, 5, 2, 9, 1, 3), 1071)
19: ((0, 13, 4, 10, 8, 7, 12, 11, 6, 14, 5, 2, 9, 1, 3), 1071)
20: ((0, 13, 4, 10, 8, 7, 12, 11, 6, 14, 5, 2, 9, 1, 3), 1071)
21: ((0, 13, 4, 10, 8, 7, 12, 11, 6, 14, 5, 2, 9, 1, 3), 1071)
22: ((0, 13, 4, 10, 8, 7, 12, 11, 6, 14, 5, 2, 9, 1, 3), 1071)
23: ((0, 13, 4, 10, 8, 7, 12, 11, 6, 14, 5, 2, 9, 1, 3), 1071)
24: ((0, 13, 4, 10, 8, 7, 12, 11, 6, 14, 5, 2, 9, 1, 3), 1071)
25: ((0, 13, 4, 10, 8, 7, 12, 11, 6, 14, 5, 2, 9, 1, 3), 1071)
26: ((0, 13, 4, 10, 8, 7, 12, 11, 6, 14, 5, 2, 9, 1, 3), 1071)
27: ((0, 13, 4, 10, 8, 7, 12, 11, 6, 14, 5, 2, 9, 1, 3), 1071)
28: ((0, 13, 4, 10, 8, 7, 12, 11, 6, 14, 5, 2, 9, 1, 3), 1071)
29: ((0, 13, 4, 10, 8, 7, 12, 11, 6, 14, 5, 2, 9, 1, 3), 1071)
30: ((0, 13, 4, 10, 8, 7, 12, 11, 6, 14, 5, 2, 9, 1, 3), 1071)
31: ((0, 13, 4, 10, 8, 7, 12, 11, 6, 14, 5, 2, 9, 1, 3), 1071)
32: ((0, 13, 4, 10, 8, 7, 12, 11, 6, 14, 5, 2, 9, 1, 3), 1071)
33: ((0, 13, 4, 10, 8, 7, 12, 11, 6, 14, 5, 2, 9, 1, 3), 1071)
34: ((0, 13, 4, 10, 8, 7, 12, 11, 6, 14, 5, 2, 9, 1, 3), 1071)
35: ((0, 13, 4, 10, 8, 7, 12, 11, 6, 14, 5, 2, 9, 1, 3), 1071)
36: ((0, 13, 4, 10, 8, 7, 12, 11, 6, 14, 5, 2, 9, 1, 3), 1071)
37: ((0, 13, 4, 10, 8, 7, 12, 11, 6, 14, 5, 2, 9, 1, 3), 1071)
38: ((0, 13, 4, 10, 8, 7, 12, 11, 6, 14, 5, 2, 9, 1, 3), 1071)
39: ((0, 13, 4, 10, 8, 7, 12, 11, 6, 14, 5, 2, 9, 1, 3), 1071)
40: ((0, 13, 4, 10, 8, 7, 12, 11, 6, 14, 5, 2, 9, 1, 3), 1071)
41: ((0, 13, 4, 10, 8, 7, 12, 11, 6, 14, 5, 2, 9, 1, 3), 1071)
42: ((0, 13, 4, 10, 8, 7, 12, 11, 6, 14, 5, 2, 9, 1, 3), 1071)
43: ((0, 13, 4, 10, 8, 7, 12, 11, 6, 14, 5, 2, 9, 1, 3), 1071)
44: ((0, 13, 4, 10, 8, 7, 12, 11, 6, 14, 5, 2, 9, 1, 3), 1071)
45: ((0, 13, 4, 10, 8, 7, 12, 11, 6, 14, 5, 2, 9, 1, 3), 1071)
46: ((0, 13, 4, 10, 8, 7, 12, 11, 6, 14, 5, 2, 9, 1, 3), 1071)
47: ((0, 13, 4, 10, 8, 7, 12, 11, 6, 14, 5, 2, 9, 1, 3), 1071)
48: ((0, 13, 4, 10, 8, 7, 12, 11, 6, 14, 5, 2, 9, 1, 3), 1071)
49: ((0, 13, 4, 10, 8, 7, 12, 11, 6, 14, 5, 2, 9, 1, 3), 1071)
50: ((0, 13, 4, 10, 8, 7, 12, 11, 6, 14, 5, 2, 9, 1, 3), 1071)
51: ((0, 13, 4, 10, 8, 7, 12, 11, 6, 14, 5, 2, 9, 1, 3), 1071)
52: ((0, 13, 4, 10, 8, 7, 12, 11, 6, 14, 5, 2, 9, 1, 3), 1071)
53: ((0, 13, 4, 10, 8, 7, 12, 11, 6, 14, 5, 2, 9, 1, 3), 1071)
54: ((0, 13, 4, 10, 8, 7, 12, 11, 6, 14, 5, 2, 9, 1, 3), 1071)
55: ((0, 13, 4, 10, 8, 7, 12, 11, 6, 14, 5, 2, 9, 1, 3), 1071)
56: ((0, 13, 4, 10, 8, 7, 12, 11, 6, 14, 5, 2, 9, 1, 3), 1071)
57: ((0, 13, 4, 10, 8, 7, 12, 11, 6, 14, 5, 2, 9, 1, 3), 1071)
58: ((0, 13, 4, 10, 8, 7, 12, 11, 6, 14, 5, 2, 9, 1, 3), 1071)
59: ((0, 13, 4, 10, 8, 7, 12, 11, 6, 14, 5, 2, 9, 1, 3), 1071)
60: ((0, 13, 4, 10, 8, 7, 12, 11, 6, 14, 5, 2, 9, 1, 3), 1071)
61: ((0, 13, 4, 10, 8, 7, 12, 11, 6, 14, 5, 2, 9, 1, 3), 1071)
62: ((0, 13, 4, 10, 8, 7, 12, 11, 6, 14, 5, 2, 9, 1, 3), 1071)
63: ((0, 13, 4, 10, 8, 7, 12, 11, 6, 14, 5, 2, 9, 1, 3), 1071)
64: ((0, 13, 4, 10, 8, 7, 12, 11, 6, 14, 5, 2, 9, 1, 3), 1071)
65: ((0, 13, 4, 10, 8, 7, 12, 11, 6, 14, 5, 2, 9, 1, 3), 1071)
66: ((0, 13, 4, 10, 8, 7, 12, 11, 6, 14, 5, 2, 9, 1, 3), 1071)
67: ((0, 13, 4, 10, 8, 7, 12, 11, 6, 14, 5, 2, 9, 1, 3), 1071)
68: ((0, 13, 4, 10, 8, 7, 12, 11, 6, 14, 5, 2, 9, 1, 3), 1071)
69: ((0, 13, 4, 10, 8, 7, 12, 11, 6, 14, 5, 2, 9, 1, 3), 1071)
70: ((0, 13, 4, 10, 8, 7, 12, 11, 6, 14, 5, 2, 9, 1, 3), 1071)
71: ((0, 13, 4, 10, 8, 7, 12, 11, 6, 14, 5, 2, 9, 1, 3), 1071)
72: ((0, 13, 4, 10, 8, 7, 12, 11, 6, 14, 5, 2, 9, 1, 3), 1071)
73: ((0, 13, 4, 10, 8, 7, 12, 11, 6, 14, 5, 2, 9, 1, 3), 1071)
74: ((0, 13, 4, 10, 8, 7, 12, 11, 6, 14, 5, 2, 9, 1, 3), 1071)
75: ((0, 13, 4, 10, 8, 7, 12, 11, 6, 14, 5, 2, 9, 1, 3), 1071)
76: ((0, 13, 4, 10, 8, 7, 12, 11, 6, 14, 5, 2, 9, 1, 3), 1071)
77: ((0, 13, 4, 10, 8, 7, 12, 11, 6, 14, 5, 2, 9, 1, 3), 1071)
78: ((0, 13, 4, 10, 8, 7, 12, 11, 6, 14, 5, 2, 9, 1, 3), 1071)
79: ((0, 13, 4, 10, 8, 7, 12, 11, 6, 14, 5, 2, 9, 1, 3), 1071)
80: ((0, 13, 4, 10, 8, 7, 12, 11, 6, 14, 5, 2, 9, 1, 3), 1071)
81: ((0, 13, 4, 10, 8, 7, 12, 11, 6, 14, 5, 2, 9, 1, 3), 1071)
82: ((0, 13, 4, 10, 8, 7, 12, 11, 6, 14, 5, 2, 9, 1, 3), 1071)
83: ((0, 13, 4, 10, 8, 7, 12, 11, 6, 14, 5, 2, 9, 1, 3), 1071)
84: ((0, 13, 4, 10, 8, 7, 12, 11, 6, 14, 5, 2, 9, 1, 3), 1071)
85: ((0, 13, 4, 10, 8, 7, 12, 11, 6, 14, 5, 2, 9, 1, 3), 1071)
86: ((0, 13, 4, 10, 8, 7, 12, 11, 6, 14, 5, 2, 9, 1, 3), 1071)
87: ((0, 13, 4, 10, 8, 7, 12, 11, 6, 14, 5, 2, 9, 1, 3), 1071)
88: ((0, 13, 4, 10, 8, 7, 12, 11, 6, 14, 5, 2, 9, 1, 3), 1071)
89: ((0, 13, 4, 10, 8, 7, 12, 11, 6, 14, 5, 2, 9, 1, 3), 1071)
90: ((0, 13, 4, 10, 8, 7, 12, 11, 6, 14, 5, 2, 9, 1, 3), 1071)
91: ((0, 13, 4, 10, 8, 7, 12, 11, 6, 14, 5, 2, 9, 1, 3), 1071)
92: ((0, 13, 4, 10, 8, 7, 12, 11, 6, 14, 5, 2, 9, 1, 3), 1071)
93: ((0, 13, 4, 10, 8, 7, 12, 11, 6, 14, 5, 2, 9, 1, 3), 1071)
94: ((0, 13, 4, 10, 8, 7, 12, 11, 6, 14, 5, 2, 9, 1, 3), 1071)
95: ((13, 10, 0, 5, 3, 4, 1, 11, 7, 9, 8, 6, 2, 14, 12), 1071)
Best: ((0, 13, 4, 10, 8, 7, 12, 11, 6, 14, 5, 2, 9, 1, 3), 1071)
Runtime: 12.9197343 s