Generations:
0: ((10, 13, 8, 3, 0, 1, 5, 12, 6, 2, 4, 7, 9, 11, 14), 1071)
1: ((10, 13, 8, 3, 0, 1, 5, 12, 6, 2, 4, 7, 9, 11, 14), 1071)
2: ((10, 13, 8, 3, 0, 1, 5, 12, 6, 2, 4, 7, 9, 11, 14), 1071)
3: ((10, 13, 8, 3, 0, 1, 5, 12, 6, 2, 4, 7, 9, 11, 14), 1071)
4: ((10, 13, 8, 3, 0, 1, 5, 12, 6, 2, 4, 7, 9, 11, 14), 1071)
5: ((10, 13, 8, 3, 0, 1, 5, 12, 6, 2, 4, 7, 9, 11, 14), 1071)
6: ((10, 13, 8, 3, 0, 1, 5, 12, 6, 2, 4, 7, 9, 11, 14), 1071)
7: ((10, 13, 8, 3, 0, 1, 5, 12, 6, 2, 4, 7, 9, 11, 14), 1071)
8: ((10, 13, 8, 3, 0, 1, 5, 12, 6, 2, 4, 7, 9, 11, 14), 1071)
9: ((10, 13, 8, 3, 0, 1, 5, 12, 6, 2, 4, 7, 9, 11, 14), 1071)
10: ((10, 13, 8, 3, 0, 1, 5, 12, 6, 2, 4, 7, 9, 11, 14), 1071)
11: ((10, 13, 8, 3, 0, 1, 5, 12, 6, 2, 4, 7, 9, 11, 14), 1071)
12: ((10, 13, 8, 3, 0, 1, 5, 12, 6, 2, 4, 7, 9, 11, 14), 1071)
13: ((10, 13, 8, 3, 0, 1, 5, 12, 6, 2, 4, 7, 9, 11, 14), 1071)
14: ((10, 13, 8, 3, 0, 1, 5, 12, 6, 2, 4, 7, 9, 11, 14), 1071)
15: ((10, 13, 8, 3, 0, 1, 5, 12, 6, 2, 4, 7, 9, 11, 14), 1071)
16: ((10, 13, 8, 3, 0, 1, 5, 12, 6, 2, 4, 7, 9, 11, 14), 1071)
17: ((10, 13, 8, 3, 0, 1, 5, 12, 6, 2, 4, 7, 9, 11, 14), 1071)
18: ((10, 13, 8, 3, 0, 1, 5, 12, 6, 2, 4, 7, 9, 11, 14), 1071)
19: ((10, 13, 8, 3, 0, 1, 5, 12, 6, 2, 4, 7, 9, 11, 14), 1071)
20: ((10, 13, 8, 3, 0, 1, 5, 12, 6, 2, 4, 7, 9, 11, 14), 1071)
21: ((10, 13, 8, 3, 0, 1, 5, 12, 6, 2, 4, 7, 9, 11, 14), 1071)
22: ((10, 13, 8, 3, 0, 1, 5, 12, 6, 2, 4, 7, 9, 11, 14), 1071)
23: ((10, 13, 8, 3, 0, 1, 5, 12, 6, 2, 4, 7, 9, 11, 14), 1071)
24: ((10, 13, 8, 3, 0, 1, 5, 12, 6, 2, 4, 7, 9, 11, 14), 1071)
25: ((10, 13, 8, 3, 0, 1, 5, 12, 6, 2, 4, 7, 9, 11, 14), 1071)
26: ((10, 13, 8, 3, 0, 1, 5, 12, 6, 2, 4, 7, 9, 11, 14), 1071)
27: ((10, 13, 8, 3, 0, 1, 5, 12, 6, 2, 4, 7, 9, 11, 14), 1071)
28: ((10, 13, 8, 3, 0, 1, 5, 12, 6, 2, 4, 7, 9, 11, 14), 1071)
29: ((10, 13, 8, 3, 0, 1, 5, 12, 6, 2, 4, 7, 9, 11, 14), 1071)
30: ((10, 13, 8, 3, 0, 1, 5, 12, 6, 2, 4, 7, 9, 11, 14), 1071)
31: ((10, 13, 8, 3, 0, 1, 5, 12, 6, 2, 4, 7, 9, 11, 14), 1071)
32: ((10, 13, 8, 3, 0, 1, 5, 12, 6, 2, 4, 7, 9, 11, 14), 1071)
33: ((10, 13, 8, 3, 0, 1, 5, 12, 6, 2, 4, 7, 9, 11, 14), 1071)
34: ((10, 13, 8, 3, 0, 1, 5, 12, 6, 2, 4, 7, 9, 11, 14), 1071)
35: ((10, 13, 8, 3, 0, 1, 5, 12, 6, 2, 4, 7, 9, 11, 14), 1071)
36: ((10, 13, 8, 3, 0, 1, 5, 12, 6, 2, 4, 7, 9, 11, 14), 1071)
37: ((10, 13, 8, 3, 0, 1, 5, 12, 6, 2, 4, 7, 9, 11, 14), 1071)
38: ((10, 13, 8, 3, 0, 1, 5, 12, 6, 2, 4, 7, 9, 11, 14), 1071)
39: ((10, 13, 8, 3, 0, 1, 5, 12, 6, 2, 4, 7, 9, 11, 14), 1071)
40: ((10, 13, 8, 3, 0, 1, 5, 12, 6, 2, 4, 7, 9, 11, 14), 1071)
41: ((10, 13, 8, 3, 0, 1, 5, 12, 6, 2, 4, 7, 9, 11, 14), 1071)
42: ((10, 13, 8, 3, 0, 1, 5, 12, 6, 2, 4, 7, 9, 11, 14), 1071)
43: ((10, 13, 8, 3, 0, 1, 5, 12, 6, 2, 4, 7, 9, 11, 14), 1071)
44: ((10, 13, 8, 3, 0, 1, 5, 12, 6, 2, 4, 7, 9, 11, 14), 1071)
45: ((10, 13, 8, 3, 0, 1, 5, 12, 6, 2, 4, 7, 9, 11, 14), 1071)
46: ((10, 13, 8, 3, 0, 1, 5, 12, 6, 2, 4, 7, 9, 11, 14), 1071)
47: ((10, 13, 8, 3, 0, 1, 5, 12, 6, 2, 4, 7, 9, 11, 14), 1071)
48: ((10, 13, 8, 3, 0, 1, 5, 12, 6, 2, 4, 7, 9, 11, 14), 1071)
49: ((10, 13, 8, 3, 0, 1, 5, 12, 6, 2, 4, 7, 9, 11, 14), 1071)
50: ((10, 13, 8, 3, 0, 1, 5, 12, 6, 2, 4, 7, 9, 11, 14), 1071)
51: ((10, 13, 8, 3, 0, 1, 5, 12, 6, 2, 4, 7, 9, 11, 14), 1071)
52: ((10, 13, 8, 3, 0, 1, 5, 12, 6, 2, 4, 7, 9, 11, 14), 1071)
53: ((10, 13, 8, 3, 0, 1, 5, 12, 6, 2, 4, 7, 9, 11, 14), 1071)
54: ((10, 13, 8, 3, 0, 1, 5, 12, 6, 2, 4, 7, 9, 11, 14), 1071)
55: ((10, 13, 8, 3, 0, 1, 5, 12, 6, 2, 4, 7, 9, 11, 14), 1071)
56: ((10, 13, 8, 3, 0, 1, 5, 12, 6, 2, 4, 7, 9, 11, 14), 1071)
57: ((10, 13, 8, 3, 0, 1, 5, 12, 6, 2, 4, 7, 9, 11, 14), 1071)
58: ((10, 13, 8, 3, 0, 1, 5, 12, 6, 2, 4, 7, 9, 11, 14), 1071)
59: ((10, 13, 8, 3, 0, 1, 5, 12, 6, 2, 4, 7, 9, 11, 14), 1071)
60: ((10, 13, 8, 3, 0, 1, 5, 12, 6, 2, 4, 7, 9, 11, 14), 1071)
61: ((10, 13, 8, 3, 0, 1, 5, 12, 6, 2, 4, 7, 9, 11, 14), 1071)
62: ((10, 13, 8, 3, 0, 1, 5, 12, 6, 2, 4, 7, 9, 11, 14), 1071)
63: ((10, 13, 8, 3, 0, 1, 5, 12, 6, 2, 4, 7, 9, 11, 14), 1071)
64: ((10, 13, 8, 3, 0, 1, 5, 12, 6, 2, 4, 7, 9, 11, 14), 1071)
65: ((10, 13, 8, 3, 0, 1, 5, 12, 6, 2, 4, 7, 9, 11, 14), 1071)
66: ((10, 13, 8, 3, 0, 1, 5, 12, 6, 2, 4, 7, 9, 11, 14), 1071)
67: ((10, 13, 8, 3, 0, 1, 5, 12, 6, 2, 4, 7, 9, 11, 14), 1071)
68: ((10, 13, 8, 3, 0, 1, 5, 12, 6, 2, 4, 7, 9, 11, 14), 1071)
69: ((10, 13, 8, 3, 0, 1, 5, 12, 6, 2, 4, 7, 9, 11, 14), 1071)
70: ((10, 13, 8, 3, 0, 1, 5, 12, 6, 2, 4, 7, 9, 11, 14), 1071)
71: ((10, 13, 8, 3, 0, 1, 5, 12, 6, 2, 4, 7, 9, 11, 14), 1071)
72: ((10, 13, 8, 3, 0, 1, 5, 12, 6, 2, 4, 7, 9, 11, 14), 1071)
73: ((10, 13, 8, 3, 0, 1, 5, 12, 6, 2, 4, 7, 9, 11, 14), 1071)
74: ((10, 13, 8, 3, 0, 1, 5, 12, 6, 2, 4, 7, 9, 11, 14), 1071)
75: ((10, 13, 8, 3, 0, 1, 5, 12, 6, 2, 4, 7, 9, 11, 14), 1071)
76: ((10, 13, 8, 3, 0, 1, 5, 12, 6, 2, 4, 7, 9, 11, 14), 1071)
77: ((10, 13, 8, 3, 0, 1, 5, 12, 6, 2, 4, 7, 9, 11, 14), 1071)
78: ((10, 13, 8, 3, 0, 1, 5, 12, 6, 2, 4, 7, 9, 11, 14), 1071)
79: ((10, 13, 8, 3, 0, 1, 5, 12, 6, 2, 4, 7, 9, 11, 14), 1071)
80: ((10, 13, 8, 3, 0, 1, 5, 12, 6, 2, 4, 7, 9, 11, 14), 1071)
81: ((10, 13, 8, 3, 0, 1, 5, 12, 6, 2, 4, 7, 9, 11, 14), 1071)
82: ((10, 13, 8, 3, 0, 1, 5, 12, 6, 2, 4, 7, 9, 11, 14), 1071)
83: ((10, 13, 8, 3, 0, 1, 5, 12, 6, 2, 4, 7, 9, 11, 14), 1071)
84: ((10, 13, 8, 3, 0, 1, 5, 12, 6, 2, 4, 7, 9, 11, 14), 1071)
85: ((10, 13, 8, 3, 0, 1, 5, 12, 6, 2, 4, 7, 9, 11, 14), 1071)
86: ((10, 13, 8, 3, 0, 1, 5, 12, 6, 2, 4, 7, 9, 11, 14), 1071)
87: ((10, 13, 8, 3, 0, 1, 5, 12, 6, 2, 4, 7, 9, 11, 14), 1071)
88: ((10, 13, 8, 3, 0, 1, 5, 12, 6, 2, 4, 7, 9, 11, 14), 1071)
89: ((10, 13, 8, 3, 0, 1, 5, 12, 6, 2, 4, 7, 9, 11, 14), 1071)
90: ((10, 13, 8, 3, 0, 1, 5, 12, 6, 2, 4, 7, 9, 11, 14), 1071)
91: ((10, 13, 8, 3, 0, 1, 5, 12, 6, 2, 4, 7, 9, 11, 14), 1071)
92: ((10, 13, 8, 3, 0, 1, 5, 12, 6, 2, 4, 7, 9, 11, 14), 1071)
93: ((10, 13, 8, 3, 0, 1, 5, 12, 6, 2, 4, 7, 9, 11, 14), 1071)
94: ((10, 13, 8, 3, 0, 1, 5, 12, 6, 2, 4, 7, 9, 11, 14), 1071)
95: ((10, 13, 8, 3, 0, 1, 5, 12, 6, 2, 4, 7, 9, 11, 14), 1071)
Best: ((10, 13, 8, 3, 0, 1, 5, 12, 6, 2, 4, 7, 9, 11, 14), 1071)
Runtime: 12.434332499999998 s