Generations:
0: ((6, 2, 11, 13, 4, 7, 16, 24, 14, 21, 15, 5, 23, 10, 12, 3, 19, 20, 22, 0, 1, 17, 18, 8, 9), 1145)
1: ((6, 2, 11, 13, 4, 7, 16, 24, 14, 21, 15, 5, 23, 10, 12, 3, 19, 20, 22, 0, 1, 17, 18, 8, 9), 1145)
2: ((4, 14, 13, 18, 23, 12, 1, 15, 6, 17, 5, 2, 11, 24, 20, 7, 9, 8, 10, 22, 16, 19, 3, 0, 21), 1142)
3: ((4, 14, 13, 18, 23, 12, 1, 15, 6, 17, 5, 2, 11, 24, 20, 7, 9, 8, 10, 22, 16, 19, 3, 0, 21), 1142)
4: ((4, 9, 20, 23, 10, 2, 16, 6, 7, 13, 18, 24, 19, 0, 11, 1, 8, 21, 15, 14, 12, 3, 5, 17, 22), 1136)
5: ((4, 9, 20, 23, 10, 2, 16, 6, 7, 13, 18, 24, 19, 0, 11, 1, 8, 21, 15, 14, 12, 3, 5, 17, 22), 1136)
6: ((4, 9, 20, 23, 10, 2, 16, 6, 7, 13, 18, 24, 19, 0, 11, 1, 8, 21, 15, 14, 12, 3, 5, 17, 22), 1136)
7: ((4, 9, 20, 23, 10, 2, 16, 6, 7, 13, 18, 24, 19, 0, 11, 1, 8, 21, 15, 14, 12, 3, 5, 17, 22), 1136)
8: ((4, 9, 20, 23, 10, 2, 16, 6, 7, 13, 18, 24, 19, 0, 11, 1, 8, 21, 15, 14, 12, 3, 5, 17, 22), 1136)
9: ((4, 6, 13, 14, 19, 16, 5, 8, 23, 7, 22, 24, 10, 1, 9, 12, 0, 18, 3, 20, 11, 2, 21, 15, 17), 1118)
10: ((4, 6, 13, 14, 19, 16, 5, 8, 23, 7, 22, 24, 10, 1, 9, 12, 0, 18, 3, 20, 11, 2, 21, 15, 17), 1118)
11: ((4, 6, 13, 14, 19, 16, 5, 8, 23, 7, 22, 24, 10, 1, 9, 12, 0, 18, 3, 20, 11, 2, 21, 15, 17), 1118)
12: ((4, 6, 13, 14, 19, 16, 5, 8, 23, 7, 22, 24, 10, 1, 9, 12, 0, 18, 3, 20, 11, 2, 21, 15, 17), 1118)
13: ((4, 6, 13, 14, 19, 16, 5, 8, 23, 7, 22, 24, 10, 1, 9, 12, 0, 18, 3, 20, 11, 2, 21, 15, 17), 1118)
14: ((4, 6, 13, 14, 19, 16, 5, 8, 23, 7, 22, 24, 10, 1, 9, 12, 0, 18, 3, 20, 11, 2, 21, 15, 17), 1118)
15: ((4, 6, 13, 14, 19, 16, 5, 8, 23, 7, 22, 24, 10, 1, 9, 12, 0, 18, 3, 20, 11, 2, 21, 15, 17), 1118)
16: ((4, 6, 13, 14, 19, 16, 5, 8, 23, 7, 22, 24, 10, 1, 9, 12, 0, 18, 3, 20, 11, 2, 21, 15, 17), 1118)
17: ((4, 6, 13, 14, 19, 16, 5, 8, 23, 7, 22, 24, 10, 1, 9, 12, 0, 18, 3, 20, 11, 2, 21, 15, 17), 1118)
18: ((4, 6, 13, 14, 19, 16, 5, 8, 23, 7, 22, 24, 10, 1, 9, 12, 0, 18, 3, 20, 11, 2, 21, 15, 17), 1118)
19: ((4, 6, 13, 14, 19, 16, 5, 8, 23, 7, 22, 24, 10, 1, 9, 12, 0, 18, 3, 20, 11, 2, 21, 15, 17), 1118)
20: ((4, 6, 13, 14, 19, 16, 5, 8, 23, 7, 22, 24, 10, 1, 9, 12, 0, 18, 3, 20, 11, 2, 21, 15, 17), 1118)
21: ((4, 6, 13, 14, 19, 16, 5, 8, 23, 7, 22, 24, 10, 1, 9, 12, 0, 18, 3, 20, 11, 2, 21, 15, 17), 1118)
22: ((4, 6, 13, 14, 19, 16, 5, 8, 23, 7, 22, 24, 10, 1, 9, 12, 0, 18, 3, 20, 11, 2, 21, 15, 17), 1118)
23: ((4, 6, 13, 14, 19, 16, 5, 8, 23, 7, 22, 24, 10, 1, 9, 12, 0, 18, 3, 20, 11, 2, 21, 15, 17), 1118)
24: ((4, 6, 13, 14, 19, 16, 5, 8, 23, 7, 22, 24, 10, 1, 9, 12, 0, 18, 3, 20, 11, 2, 21, 15, 17), 1118)
25: ((4, 6, 13, 14, 19, 16, 5, 8, 23, 7, 22, 24, 10, 1, 9, 12, 0, 18, 3, 20, 11, 2, 21, 15, 17), 1118)
26: ((4, 6, 13, 14, 19, 16, 5, 8, 23, 7, 22, 24, 10, 1, 9, 12, 0, 18, 3, 20, 11, 2, 21, 15, 17), 1118)
27: ((4, 6, 13, 14, 19, 16, 5, 8, 23, 7, 22, 24, 10, 1, 9, 12, 0, 18, 3, 20, 11, 2, 21, 15, 17), 1118)
28: ((4, 6, 13, 14, 19, 16, 5, 8, 23, 7, 22, 24, 10, 1, 9, 12, 0, 18, 3, 20, 11, 2, 21, 15, 17), 1118)
29: ((4, 6, 13, 14, 19, 16, 5, 8, 23, 7, 22, 24, 10, 1, 9, 12, 0, 18, 3, 20, 11, 2, 21, 15, 17), 1118)
30: ((4, 6, 13, 14, 19, 16, 5, 8, 23, 7, 22, 24, 10, 1, 9, 12, 0, 18, 3, 20, 11, 2, 21, 15, 17), 1118)
31: ((4, 6, 13, 14, 19, 16, 5, 8, 23, 7, 22, 24, 10, 1, 9, 12, 0, 18, 3, 20, 11, 2, 21, 15, 17), 1118)
32: ((4, 6, 13, 14, 19, 16, 5, 8, 23, 7, 22, 24, 10, 1, 9, 12, 0, 18, 3, 20, 11, 2, 21, 15, 17), 1118)
33: ((4, 6, 13, 14, 19, 16, 5, 8, 23, 7, 22, 24, 10, 1, 9, 12, 0, 18, 3, 20, 11, 2, 21, 15, 17), 1118)
34: ((4, 6, 13, 14, 19, 16, 5, 8, 23, 7, 22, 24, 10, 1, 9, 12, 0, 18, 3, 20, 11, 2, 21, 15, 17), 1118)
35: ((4, 6, 13, 14, 19, 16, 5, 8, 23, 7, 22, 24, 10, 1, 9, 12, 0, 18, 3, 20, 11, 2, 21, 15, 17), 1118)
36: ((4, 6, 13, 14, 19, 16, 5, 8, 23, 7, 22, 24, 10, 1, 9, 12, 0, 18, 3, 20, 11, 2, 21, 15, 17), 1118)
37: ((4, 6, 13, 14, 19, 16, 5, 8, 23, 7, 22, 24, 10, 1, 9, 12, 0, 18, 3, 20, 11, 2, 21, 15, 17), 1118)
38: ((4, 6, 13, 14, 19, 16, 5, 8, 23, 7, 22, 24, 10, 1, 9, 12, 0, 18, 3, 20, 11, 2, 21, 15, 17), 1118)
39: ((4, 6, 13, 14, 19, 16, 5, 8, 23, 7, 22, 24, 10, 1, 9, 12, 0, 18, 3, 20, 11, 2, 21, 15, 17), 1118)
40: ((4, 6, 13, 14, 19, 16, 5, 8, 23, 7, 22, 24, 10, 1, 9, 12, 0, 18, 3, 20, 11, 2, 21, 15, 17), 1118)
41: ((4, 6, 13, 14, 19, 16, 5, 8, 23, 7, 22, 24, 10, 1, 9, 12, 0, 18, 3, 20, 11, 2, 21, 15, 17), 1118)
42: ((4, 6, 13, 14, 19, 16, 5, 8, 23, 7, 22, 24, 10, 1, 9, 12, 0, 18, 3, 20, 11, 2, 21, 15, 17), 1118)
43: ((4, 6, 13, 14, 19, 16, 5, 8, 23, 7, 22, 24, 10, 1, 9, 12, 0, 18, 3, 20, 11, 2, 21, 15, 17), 1118)
44: ((4, 6, 13, 14, 19, 16, 5, 8, 23, 7, 22, 24, 10, 1, 9, 12, 0, 18, 3, 20, 11, 2, 21, 15, 17), 1118)
45: ((4, 6, 13, 14, 19, 16, 5, 8, 23, 7, 22, 24, 10, 1, 9, 12, 0, 18, 3, 20, 11, 2, 21, 15, 17), 1118)
46: ((4, 6, 13, 14, 19, 16, 5, 8, 23, 7, 22, 24, 10, 1, 9, 12, 0, 18, 3, 20, 11, 2, 21, 15, 17), 1118)
47: ((4, 6, 13, 14, 19, 16, 5, 8, 23, 7, 22, 24, 10, 1, 9, 12, 0, 18, 3, 20, 11, 2, 21, 15, 17), 1118)
48: ((4, 6, 13, 14, 19, 16, 5, 8, 23, 7, 22, 24, 10, 1, 9, 12, 0, 18, 3, 20, 11, 2, 21, 15, 17), 1118)
49: ((4, 6, 13, 14, 19, 16, 5, 8, 23, 7, 22, 24, 10, 1, 9, 12, 0, 18, 3, 20, 11, 2, 21, 15, 17), 1118)
50: ((4, 6, 13, 14, 19, 16, 5, 8, 23, 7, 22, 24, 10, 1, 9, 12, 0, 18, 3, 20, 11, 2, 21, 15, 17), 1118)
51: ((4, 6, 13, 14, 19, 16, 5, 8, 23, 7, 22, 24, 10, 1, 9, 12, 0, 18, 3, 20, 11, 2, 21, 15, 17), 1118)
52: ((4, 6, 13, 14, 19, 16, 5, 8, 23, 7, 22, 24, 10, 1, 9, 12, 0, 18, 3, 20, 11, 2, 21, 15, 17), 1118)
53: ((4, 6, 13, 14, 19, 16, 5, 8, 23, 7, 22, 24, 10, 1, 9, 12, 0, 18, 3, 20, 11, 2, 21, 15, 17), 1118)
54: ((4, 6, 13, 14, 19, 16, 5, 8, 23, 7, 22, 24, 10, 1, 9, 12, 0, 18, 3, 20, 11, 2, 21, 15, 17), 1118)
55: ((4, 6, 13, 14, 19, 16, 5, 8, 23, 7, 22, 24, 10, 1, 9, 12, 0, 18, 3, 20, 11, 2, 21, 15, 17), 1118)
56: ((4, 6, 13, 14, 19, 16, 5, 8, 23, 7, 22, 24, 10, 1, 9, 12, 0, 18, 3, 20, 11, 2, 21, 15, 17), 1118)
57: ((4, 6, 13, 14, 19, 16, 5, 8, 23, 7, 22, 24, 10, 1, 9, 12, 0, 18, 3, 20, 11, 2, 21, 15, 17), 1118)
58: ((4, 6, 13, 14, 19, 16, 5, 8, 23, 7, 22, 24, 10, 1, 9, 12, 0, 18, 3, 20, 11, 2, 21, 15, 17), 1118)
59: ((4, 6, 13, 14, 19, 16, 5, 8, 23, 7, 22, 24, 10, 1, 9, 12, 0, 18, 3, 20, 11, 2, 21, 15, 17), 1118)
60: ((4, 6, 13, 14, 19, 16, 5, 8, 23, 7, 22, 24, 10, 1, 9, 12, 0, 18, 3, 20, 11, 2, 21, 15, 17), 1118)
61: ((4, 6, 13, 14, 19, 16, 5, 8, 23, 7, 22, 24, 10, 1, 9, 12, 0, 18, 3, 20, 11, 2, 21, 15, 17), 1118)
62: ((4, 6, 13, 14, 19, 16, 5, 8, 23, 7, 22, 24, 10, 1, 9, 12, 0, 18, 3, 20, 11, 2, 21, 15, 17), 1118)
63: ((4, 6, 13, 14, 19, 16, 5, 8, 23, 7, 22, 24, 10, 1, 9, 12, 0, 18, 3, 20, 11, 2, 21, 15, 17), 1118)
64: ((4, 6, 13, 14, 19, 16, 5, 8, 23, 7, 22, 24, 10, 1, 9, 12, 0, 18, 3, 20, 11, 2, 21, 15, 17), 1118)
65: ((4, 6, 13, 14, 19, 16, 5, 8, 23, 7, 22, 24, 10, 1, 9, 12, 0, 18, 3, 20, 11, 2, 21, 15, 17), 1118)
66: ((17, 4, 7, 16, 24, 14, 5, 20, 0, 8, 6, 19, 22, 1, 10, 2, 9, 18, 13, 23, 21, 12, 11, 15, 3), 1118)
67: ((17, 4, 7, 16, 24, 14, 5, 20, 0, 8, 6, 19, 22, 1, 10, 2, 9, 18, 13, 23, 21, 12, 11, 15, 3), 1118)
68: ((17, 4, 7, 16, 24, 14, 5, 20, 0, 8, 6, 19, 22, 1, 10, 2, 9, 18, 13, 23, 21, 12, 11, 15, 3), 1118)
69: ((17, 4, 7, 16, 24, 14, 5, 20, 0, 8, 6, 19, 22, 1, 10, 2, 9, 18, 13, 23, 21, 12, 11, 15, 3), 1118)
70: ((17, 4, 7, 16, 24, 14, 5, 20, 0, 8, 6, 19, 22, 1, 10, 2, 9, 18, 13, 23, 21, 12, 11, 15, 3), 1118)
71: ((17, 4, 7, 16, 24, 14, 5, 20, 0, 8, 6, 19, 22, 1, 10, 2, 9, 18, 13, 23, 21, 12, 11, 15, 3), 1118)
72: ((17, 4, 7, 16, 24, 14, 5, 20, 0, 8, 6, 19, 22, 1, 10, 2, 9, 18, 13, 23, 21, 12, 11, 15, 3), 1118)
73: ((17, 4, 7, 16, 24, 14, 5, 20, 0, 8, 6, 19, 22, 1, 10, 2, 9, 18, 13, 23, 21, 12, 11, 15, 3), 1118)
74: ((17, 4, 7, 16, 24, 14, 5, 20, 0, 8, 6, 19, 22, 1, 10, 2, 9, 18, 13, 23, 21, 12, 11, 15, 3), 1118)
75: ((17, 4, 7, 16, 24, 14, 5, 20, 0, 8, 6, 19, 22, 1, 10, 2, 9, 18, 13, 23, 21, 12, 11, 15, 3), 1118)
76: ((17, 4, 7, 16, 24, 14, 5, 20, 0, 8, 6, 19, 22, 1, 10, 2, 9, 18, 13, 23, 21, 12, 11, 15, 3), 1118)
77: ((17, 4, 7, 16, 24, 14, 5, 20, 0, 8, 6, 19, 22, 1, 10, 2, 9, 18, 13, 23, 21, 12, 11, 15, 3), 1118)
78: ((17, 4, 7, 16, 24, 14, 5, 20, 0, 8, 6, 19, 22, 1, 10, 2, 9, 18, 13, 23, 21, 12, 11, 15, 3), 1118)
79: ((14, 22, 4, 13, 19, 16, 5, 8, 23, 7, 24, 10, 1, 9, 12, 0, 18, 3, 20, 11, 2, 21, 15, 17, 6), 1118)
80: ((14, 22, 4, 13, 19, 16, 5, 8, 23, 7, 24, 10, 1, 9, 12, 0, 18, 3, 20, 11, 2, 21, 15, 17, 6), 1118)
81: ((14, 22, 4, 13, 19, 16, 5, 8, 23, 7, 24, 10, 1, 9, 12, 0, 18, 3, 20, 11, 2, 21, 15, 17, 6), 1118)
82: ((14, 22, 4, 13, 19, 16, 5, 8, 23, 7, 24, 10, 1, 9, 12, 0, 18, 3, 20, 11, 2, 21, 15, 17, 6), 1118)
83: ((14, 22, 4, 13, 19, 16, 5, 8, 23, 7, 24, 10, 1, 9, 12, 0, 18, 3, 20, 11, 2, 21, 15, 17, 6), 1118)
84: ((14, 22, 4, 13, 19, 16, 5, 8, 23, 7, 24, 10, 1, 9, 12, 0, 18, 3, 20, 11, 2, 21, 15, 17, 6), 1118)
85: ((14, 22, 4, 13, 19, 16, 5, 8, 23, 7, 24, 10, 1, 9, 12, 0, 18, 3, 20, 11, 2, 21, 15, 17, 6), 1118)
86: ((14, 22, 4, 13, 19, 16, 5, 8, 23, 7, 24, 10, 1, 9, 12, 0, 18, 3, 20, 11, 2, 21, 15, 17, 6), 1118)
87: ((14, 22, 4, 13, 19, 16, 5, 8, 23, 7, 24, 10, 1, 9, 12, 0, 18, 3, 20, 11, 2, 21, 15, 17, 6), 1118)
88: ((14, 22, 4, 13, 19, 16, 5, 8, 23, 7, 24, 10, 1, 9, 12, 0, 18, 3, 20, 11, 2, 21, 15, 17, 6), 1118)
89: ((14, 22, 4, 13, 19, 16, 5, 8, 23, 7, 24, 10, 1, 9, 12, 0, 18, 3, 20, 11, 2, 21, 15, 17, 6), 1118)
90: ((14, 22, 4, 13, 19, 16, 5, 8, 23, 7, 24, 10, 1, 9, 12, 0, 18, 3, 20, 11, 2, 21, 15, 17, 6), 1118)
91: ((14, 22, 4, 13, 19, 16, 5, 8, 23, 7, 24, 10, 1, 9, 12, 0, 18, 3, 20, 11, 2, 21, 15, 17, 6), 1118)
92: ((14, 22, 4, 13, 19, 16, 5, 8, 23, 7, 24, 10, 1, 9, 12, 0, 18, 3, 20, 11, 2, 21, 15, 17, 6), 1118)
93: ((14, 22, 4, 13, 19, 16, 5, 8, 23, 7, 24, 10, 1, 9, 12, 0, 18, 3, 20, 11, 2, 21, 15, 17, 6), 1118)
94: ((14, 22, 4, 13, 19, 16, 5, 8, 23, 7, 24, 10, 1, 9, 12, 0, 18, 3, 20, 11, 2, 21, 15, 17, 6), 1118)
95: ((14, 22, 4, 13, 19, 16, 5, 8, 23, 7, 24, 10, 1, 9, 12, 0, 18, 3, 20, 11, 2, 21, 15, 17, 6), 1118)
Best: ((4, 6, 13, 14, 19, 16, 5, 8, 23, 7, 22, 24, 10, 1, 9, 12, 0, 18, 3, 20, 11, 2, 21, 15, 17), 1118)
Runtime: 26.7681219 s