Generations:
0: ((10, 4, 0, 12, 5, 22, 16, 23, 8, 20, 6, 14, 15, 3, 1, 13, 19, 7, 2, 18, 17, 9, 11, 21, 24), 1139)
1: ((10, 4, 0, 12, 5, 22, 16, 23, 8, 20, 6, 14, 15, 3, 1, 13, 19, 7, 2, 18, 17, 9, 11, 21, 24), 1139)
2: ((0, 2, 12, 4, 23, 1, 6, 19, 7, 18, 9, 8, 20, 14, 24, 21, 10, 15, 16, 5, 13, 11, 3, 17, 22), 1136)
3: ((0, 2, 12, 4, 23, 1, 6, 19, 7, 18, 9, 8, 20, 14, 24, 21, 10, 15, 16, 5, 13, 11, 3, 17, 22), 1136)
4: ((13, 11, 1, 7, 21, 18, 4, 0, 6, 12, 20, 8, 15, 5, 16, 23, 24, 14, 19, 17, 3, 22, 2, 9, 10), 1124)
5: ((13, 11, 1, 7, 21, 18, 4, 0, 6, 12, 20, 8, 15, 5, 16, 23, 24, 14, 19, 17, 3, 22, 2, 9, 10), 1124)
6: ((13, 11, 1, 7, 21, 18, 4, 0, 6, 12, 20, 8, 15, 5, 16, 23, 24, 14, 19, 17, 3, 22, 2, 9, 10), 1124)
7: ((13, 11, 1, 7, 21, 18, 4, 0, 6, 12, 20, 8, 15, 5, 16, 23, 24, 14, 19, 17, 3, 22, 2, 9, 10), 1124)
8: ((13, 11, 1, 7, 21, 18, 4, 0, 6, 12, 20, 8, 15, 5, 16, 23, 24, 14, 19, 17, 3, 22, 2, 9, 10), 1124)
9: ((13, 11, 1, 7, 21, 18, 4, 0, 6, 12, 20, 8, 15, 5, 16, 23, 24, 14, 19, 17, 3, 22, 2, 9, 10), 1124)
10: ((13, 11, 1, 7, 21, 18, 4, 0, 6, 12, 20, 8, 15, 5, 16, 23, 24, 14, 19, 17, 3, 22, 2, 9, 10), 1124)
11: ((13, 11, 1, 7, 21, 18, 4, 0, 6, 12, 20, 8, 15, 5, 16, 23, 24, 14, 19, 17, 3, 22, 2, 9, 10), 1124)
12: ((13, 11, 1, 7, 21, 18, 4, 0, 6, 12, 20, 8, 15, 5, 16, 23, 24, 14, 19, 17, 3, 22, 2, 9, 10), 1124)
13: ((13, 11, 1, 7, 21, 18, 4, 0, 6, 12, 20, 8, 15, 5, 16, 23, 24, 14, 19, 17, 3, 22, 2, 9, 10), 1124)
14: ((13, 11, 1, 7, 21, 18, 4, 0, 6, 12, 20, 8, 15, 5, 16, 23, 24, 14, 19, 17, 3, 22, 2, 9, 10), 1124)
15: ((13, 11, 1, 7, 21, 18, 4, 0, 6, 12, 20, 8, 15, 5, 16, 23, 24, 14, 19, 17, 3, 22, 2, 9, 10), 1124)
16: ((13, 11, 1, 7, 21, 18, 4, 0, 6, 12, 20, 8, 15, 5, 16, 23, 24, 14, 19, 17, 3, 22, 2, 9, 10), 1124)
17: ((13, 11, 1, 7, 21, 18, 4, 0, 6, 12, 20, 8, 15, 5, 16, 23, 24, 14, 19, 17, 3, 22, 2, 9, 10), 1124)
18: ((13, 11, 1, 7, 21, 18, 4, 0, 6, 12, 20, 8, 15, 5, 16, 23, 24, 14, 19, 17, 3, 22, 2, 9, 10), 1124)
19: ((13, 11, 1, 7, 21, 18, 4, 0, 6, 12, 20, 8, 15, 5, 16, 23, 24, 14, 19, 17, 3, 22, 2, 9, 10), 1124)
20: ((13, 11, 1, 7, 21, 18, 4, 0, 6, 12, 20, 8, 15, 5, 16, 23, 24, 14, 19, 17, 3, 22, 2, 9, 10), 1124)
21: ((13, 11, 1, 7, 21, 18, 4, 0, 6, 12, 20, 8, 15, 5, 16, 23, 24, 14, 19, 17, 3, 22, 2, 9, 10), 1124)
22: ((13, 11, 1, 7, 21, 18, 4, 0, 6, 12, 20, 8, 15, 5, 16, 23, 24, 14, 19, 17, 3, 22, 2, 9, 10), 1124)
23: ((13, 11, 1, 7, 21, 18, 4, 0, 6, 12, 20, 8, 15, 5, 16, 23, 24, 14, 19, 17, 3, 22, 2, 9, 10), 1124)
24: ((13, 11, 1, 7, 21, 18, 4, 0, 6, 12, 20, 8, 15, 5, 16, 23, 24, 14, 19, 17, 3, 22, 2, 9, 10), 1124)
25: ((13, 11, 1, 7, 21, 18, 4, 0, 6, 12, 20, 8, 15, 5, 16, 23, 24, 14, 19, 17, 3, 22, 2, 9, 10), 1124)
26: ((13, 11, 1, 7, 21, 18, 4, 0, 6, 12, 20, 8, 15, 5, 16, 23, 24, 14, 19, 17, 3, 22, 2, 9, 10), 1124)
27: ((18, 10, 9, 17, 4, 7, 6, 21, 1, 16, 8, 3, 22, 0, 23, 24, 14, 12, 5, 20, 2, 15, 11, 13, 19), 1118)
28: ((18, 10, 9, 17, 4, 7, 6, 21, 1, 16, 8, 3, 22, 0, 23, 24, 14, 12, 5, 20, 2, 15, 11, 13, 19), 1118)
29: ((18, 10, 9, 17, 4, 7, 6, 21, 1, 16, 8, 3, 22, 0, 23, 24, 14, 12, 5, 20, 2, 15, 11, 13, 19), 1118)
30: ((18, 10, 9, 17, 4, 7, 6, 21, 1, 16, 8, 3, 22, 0, 23, 24, 14, 12, 5, 20, 2, 15, 11, 13, 19), 1118)
31: ((18, 10, 9, 17, 4, 7, 6, 21, 1, 16, 8, 3, 22, 0, 23, 24, 14, 12, 5, 20, 2, 15, 11, 13, 19), 1118)
32: ((18, 10, 9, 17, 4, 7, 6, 21, 1, 16, 8, 3, 22, 0, 23, 24, 14, 12, 5, 20, 2, 15, 11, 13, 19), 1118)
33: ((18, 10, 9, 17, 4, 7, 6, 21, 1, 16, 8, 3, 22, 0, 23, 24, 14, 12, 5, 20, 2, 15, 11, 13, 19), 1118)
34: ((18, 10, 9, 17, 4, 7, 6, 21, 1, 16, 8, 3, 22, 0, 23, 24, 14, 12, 5, 20, 2, 15, 11, 13, 19), 1118)
35: ((18, 10, 9, 17, 4, 7, 6, 21, 1, 16, 8, 3, 22, 0, 23, 24, 14, 12, 5, 20, 2, 15, 11, 13, 19), 1118)
36: ((18, 10, 9, 17, 4, 7, 6, 21, 1, 16, 8, 3, 22, 0, 23, 24, 14, 12, 5, 20, 2, 15, 11, 13, 19), 1118)
37: ((18, 10, 9, 17, 4, 7, 6, 21, 1, 16, 8, 3, 22, 0, 23, 24, 14, 12, 5, 20, 2, 15, 11, 13, 19), 1118)
38: ((18, 10, 9, 17, 4, 7, 6, 21, 1, 16, 8, 3, 22, 0, 23, 24, 14, 12, 5, 20, 2, 15, 11, 13, 19), 1118)
39: ((18, 10, 9, 17, 4, 7, 6, 21, 1, 16, 8, 3, 22, 0, 23, 24, 14, 12, 5, 20, 2, 15, 11, 13, 19), 1118)
40: ((18, 10, 9, 17, 4, 7, 6, 21, 1, 16, 8, 3, 22, 0, 23, 24, 14, 12, 5, 20, 2, 15, 11, 13, 19), 1118)
41: ((18, 10, 9, 17, 4, 7, 6, 21, 1, 16, 8, 3, 22, 0, 23, 24, 14, 12, 5, 20, 2, 15, 11, 13, 19), 1118)
42: ((18, 10, 9, 17, 4, 7, 6, 21, 1, 16, 8, 3, 22, 0, 23, 24, 14, 12, 5, 20, 2, 15, 11, 13, 19), 1118)
43: ((18, 10, 9, 17, 4, 7, 6, 21, 1, 16, 8, 3, 22, 0, 23, 24, 14, 12, 5, 20, 2, 15, 11, 13, 19), 1118)
44: ((18, 10, 9, 17, 4, 7, 6, 21, 1, 16, 8, 3, 22, 0, 23, 24, 14, 12, 5, 20, 2, 15, 11, 13, 19), 1118)
45: ((18, 10, 9, 17, 4, 7, 6, 21, 1, 16, 8, 3, 22, 0, 23, 24, 14, 12, 5, 20, 2, 15, 11, 13, 19), 1118)
46: ((4, 12, 6, 16, 8, 23, 5, 10, 1, 24, 14, 19, 0, 18, 3, 22, 2, 21, 7, 15, 20, 13, 11, 9, 17), 1118)
47: ((4, 12, 6, 16, 8, 23, 5, 10, 1, 24, 14, 19, 0, 18, 3, 22, 2, 21, 7, 15, 20, 13, 11, 9, 17), 1118)
48: ((4, 12, 6, 16, 8, 23, 5, 10, 1, 24, 14, 19, 0, 18, 3, 22, 2, 21, 7, 15, 20, 13, 11, 9, 17), 1118)
49: ((4, 12, 6, 16, 8, 23, 5, 10, 1, 24, 14, 19, 0, 18, 3, 22, 2, 21, 7, 15, 20, 13, 11, 9, 17), 1118)
50: ((4, 12, 6, 16, 8, 23, 5, 10, 1, 24, 14, 19, 0, 18, 3, 22, 2, 21, 7, 15, 20, 13, 11, 9, 17), 1118)
51: ((4, 12, 6, 16, 8, 23, 5, 10, 1, 24, 14, 19, 0, 18, 3, 22, 2, 21, 7, 15, 20, 13, 11, 9, 17), 1118)
52: ((4, 12, 6, 16, 8, 23, 5, 10, 1, 24, 14, 19, 0, 18, 3, 22, 2, 21, 7, 15, 20, 13, 11, 9, 17), 1118)
53: ((4, 12, 6, 16, 8, 23, 5, 10, 1, 24, 14, 19, 0, 18, 3, 22, 2, 21, 7, 15, 20, 13, 11, 9, 17), 1118)
54: ((4, 12, 6, 16, 8, 23, 5, 10, 1, 24, 14, 19, 0, 18, 3, 22, 2, 21, 7, 15, 20, 13, 11, 9, 17), 1118)
55: ((4, 12, 6, 16, 8, 23, 5, 10, 1, 24, 14, 19, 0, 18, 3, 22, 2, 21, 7, 15, 20, 13, 11, 9, 17), 1118)
56: ((4, 12, 6, 16, 8, 23, 5, 10, 1, 24, 14, 19, 0, 18, 3, 22, 2, 21, 7, 15, 20, 13, 11, 9, 17), 1118)
57: ((4, 12, 6, 16, 8, 23, 5, 10, 1, 24, 14, 19, 0, 18, 3, 22, 2, 21, 7, 15, 20, 13, 11, 9, 17), 1118)
58: ((4, 12, 6, 16, 8, 23, 5, 10, 1, 24, 14, 19, 0, 18, 3, 22, 2, 21, 7, 15, 20, 13, 11, 9, 17), 1118)
59: ((4, 12, 6, 16, 8, 23, 5, 10, 1, 24, 14, 19, 0, 18, 3, 22, 2, 21, 7, 15, 20, 13, 11, 9, 17), 1118)
60: ((4, 12, 6, 16, 8, 23, 5, 10, 1, 24, 14, 19, 0, 18, 3, 22, 2, 21, 7, 15, 20, 13, 11, 9, 17), 1118)
61: ((4, 12, 6, 16, 8, 23, 5, 10, 1, 24, 14, 19, 0, 18, 3, 22, 2, 21, 7, 15, 20, 13, 11, 9, 17), 1118)
62: ((4, 12, 6, 16, 8, 23, 5, 10, 1, 24, 14, 19, 0, 18, 3, 22, 2, 21, 7, 15, 20, 13, 11, 9, 17), 1118)
63: ((4, 12, 6, 16, 8, 23, 5, 10, 1, 24, 14, 19, 0, 18, 3, 22, 2, 21, 7, 15, 20, 13, 11, 9, 17), 1118)
64: ((4, 12, 6, 16, 8, 23, 5, 10, 1, 24, 14, 19, 0, 18, 3, 22, 2, 21, 7, 15, 20, 13, 11, 9, 17), 1118)
65: ((4, 12, 6, 16, 8, 23, 5, 10, 1, 24, 14, 19, 0, 18, 3, 22, 2, 21, 7, 15, 20, 13, 11, 9, 17), 1118)
66: ((4, 12, 6, 16, 8, 23, 5, 10, 1, 24, 14, 19, 0, 18, 3, 22, 2, 21, 7, 15, 20, 13, 11, 9, 17), 1118)
67: ((4, 12, 6, 16, 8, 23, 5, 10, 1, 24, 14, 19, 0, 18, 3, 22, 2, 21, 7, 15, 20, 13, 11, 9, 17), 1118)
68: ((4, 12, 6, 16, 8, 23, 5, 10, 1, 24, 14, 19, 0, 18, 3, 22, 2, 21, 7, 15, 20, 13, 11, 9, 17), 1118)
69: ((4, 12, 6, 16, 8, 23, 5, 10, 1, 24, 14, 19, 0, 18, 3, 22, 2, 21, 7, 15, 20, 13, 11, 9, 17), 1118)
70: ((4, 12, 6, 16, 8, 23, 5, 10, 1, 24, 14, 19, 0, 18, 3, 22, 2, 21, 7, 15, 20, 13, 11, 9, 17), 1118)
71: ((4, 12, 6, 16, 8, 23, 5, 10, 1, 24, 14, 19, 0, 18, 3, 22, 2, 21, 7, 15, 20, 13, 11, 9, 17), 1118)
72: ((4, 12, 6, 16, 8, 23, 5, 10, 1, 24, 14, 19, 0, 18, 3, 22, 2, 21, 7, 15, 20, 13, 11, 9, 17), 1118)
73: ((4, 12, 6, 16, 8, 23, 5, 10, 1, 24, 14, 19, 0, 18, 3, 22, 2, 21, 7, 15, 20, 13, 11, 9, 17), 1118)
74: ((4, 12, 6, 16, 8, 23, 5, 10, 1, 24, 14, 19, 0, 18, 3, 22, 2, 21, 7, 15, 20, 13, 11, 9, 17), 1118)
75: ((4, 12, 6, 16, 8, 23, 5, 10, 1, 24, 14, 19, 0, 18, 3, 22, 2, 21, 7, 15, 20, 13, 11, 9, 17), 1118)
76: ((4, 12, 6, 16, 8, 23, 5, 10, 1, 24, 14, 19, 0, 18, 3, 22, 2, 21, 7, 15, 20, 13, 11, 9, 17), 1118)
77: ((4, 12, 6, 16, 8, 23, 5, 10, 1, 24, 14, 19, 0, 18, 3, 22, 2, 21, 7, 15, 20, 13, 11, 9, 17), 1118)
78: ((4, 12, 6, 16, 8, 23, 5, 10, 1, 24, 14, 19, 0, 18, 3, 22, 2, 21, 7, 15, 20, 13, 11, 9, 17), 1118)
79: ((4, 12, 6, 16, 8, 23, 5, 10, 1, 24, 14, 19, 0, 18, 3, 22, 2, 21, 7, 15, 20, 13, 11, 9, 17), 1118)
80: ((4, 12, 6, 16, 8, 23, 5, 10, 1, 24, 14, 19, 0, 18, 3, 22, 2, 21, 7, 15, 20, 13, 11, 9, 17), 1118)
81: ((4, 12, 6, 16, 8, 23, 5, 10, 1, 24, 14, 19, 0, 18, 3, 22, 2, 21, 7, 15, 20, 13, 11, 9, 17), 1118)
82: ((4, 12, 6, 16, 8, 23, 5, 10, 1, 24, 14, 19, 0, 18, 3, 22, 2, 21, 7, 15, 20, 13, 11, 9, 17), 1118)
83: ((4, 12, 6, 16, 8, 23, 5, 10, 1, 24, 14, 19, 0, 18, 3, 22, 2, 21, 7, 15, 20, 13, 11, 9, 17), 1118)
84: ((4, 12, 6, 16, 8, 23, 5, 10, 1, 24, 14, 19, 0, 18, 3, 22, 2, 21, 7, 15, 20, 13, 11, 9, 17), 1118)
85: ((4, 12, 6, 16, 8, 23, 5, 10, 1, 24, 14, 19, 0, 18, 3, 22, 2, 21, 7, 15, 20, 13, 11, 9, 17), 1118)
86: ((4, 12, 6, 16, 8, 23, 5, 10, 1, 24, 14, 19, 0, 18, 3, 22, 2, 21, 7, 15, 20, 13, 11, 9, 17), 1118)
87: ((4, 12, 6, 16, 8, 23, 5, 10, 1, 24, 14, 19, 0, 18, 3, 22, 2, 21, 7, 15, 20, 13, 11, 9, 17), 1118)
88: ((4, 12, 6, 16, 8, 23, 5, 10, 1, 24, 14, 19, 0, 18, 3, 22, 2, 21, 7, 15, 20, 13, 11, 9, 17), 1118)
89: ((4, 12, 6, 16, 8, 23, 5, 10, 1, 24, 14, 19, 0, 18, 3, 22, 2, 21, 7, 15, 20, 13, 11, 9, 17), 1118)
90: ((4, 12, 6, 16, 8, 23, 5, 10, 1, 24, 14, 19, 0, 18, 3, 22, 2, 21, 7, 15, 20, 13, 11, 9, 17), 1118)
91: ((4, 12, 6, 16, 8, 23, 5, 10, 1, 24, 14, 19, 0, 18, 3, 22, 2, 21, 7, 15, 20, 13, 11, 9, 17), 1118)
92: ((4, 12, 6, 16, 8, 23, 5, 10, 1, 24, 14, 19, 0, 18, 3, 22, 2, 21, 7, 15, 20, 13, 11, 9, 17), 1118)
93: ((4, 12, 6, 16, 8, 23, 5, 10, 1, 24, 14, 19, 0, 18, 3, 22, 2, 21, 7, 15, 20, 13, 11, 9, 17), 1118)
94: ((4, 12, 6, 16, 8, 23, 5, 10, 1, 24, 14, 19, 0, 18, 3, 22, 2, 21, 7, 15, 20, 13, 11, 9, 17), 1118)
95: ((4, 12, 6, 16, 8, 23, 5, 10, 1, 24, 14, 19, 0, 18, 3, 22, 2, 21, 7, 15, 20, 13, 11, 9, 17), 1118)
Best: ((18, 10, 9, 17, 4, 7, 6, 21, 1, 16, 8, 3, 22, 0, 23, 24, 14, 12, 5, 20, 2, 15, 11, 13, 19), 1118)
Runtime: 32.1404854 s