Generations:
0: ((15, 6, 13, 18, 8, 12, 17, 20, 0, 14, 1, 23, 21, 22, 7, 10, 4, 24, 5, 9, 11, 2, 16, 3, 19), 884)
1: ((15, 6, 13, 18, 8, 12, 17, 20, 0, 14, 1, 23, 21, 22, 7, 10, 4, 24, 5, 9, 11, 2, 16, 3, 19), 884)
2: ((15, 6, 13, 18, 8, 12, 17, 20, 0, 14, 1, 23, 21, 22, 7, 10, 4, 24, 5, 9, 11, 2, 16, 3, 19), 884)
3: ((15, 6, 13, 18, 8, 12, 17, 20, 0, 14, 1, 23, 21, 22, 7, 10, 4, 24, 5, 9, 11, 2, 16, 3, 19), 884)
4: ((15, 6, 13, 18, 8, 12, 17, 20, 0, 14, 1, 23, 21, 22, 7, 10, 4, 24, 5, 9, 11, 2, 16, 3, 19), 884)
5: ((15, 6, 13, 18, 8, 12, 17, 20, 0, 14, 1, 23, 21, 22, 7, 10, 4, 24, 5, 9, 11, 2, 16, 3, 19), 884)
6: ((15, 6, 13, 18, 8, 12, 17, 20, 0, 14, 1, 23, 21, 22, 7, 10, 4, 24, 5, 9, 11, 2, 16, 3, 19), 884)
7: ((15, 6, 13, 18, 8, 12, 17, 20, 0, 14, 1, 23, 21, 22, 7, 10, 4, 24, 5, 9, 11, 2, 16, 3, 19), 884)
8: ((15, 6, 13, 18, 8, 12, 17, 20, 0, 14, 1, 23, 21, 22, 7, 10, 4, 24, 5, 9, 11, 2, 16, 3, 19), 884)
9: ((15, 6, 13, 18, 8, 12, 17, 20, 0, 14, 1, 23, 21, 22, 7, 10, 4, 24, 5, 9, 11, 2, 16, 3, 19), 884)
10: ((15, 6, 13, 18, 8, 12, 17, 20, 0, 14, 1, 23, 21, 22, 7, 10, 4, 24, 5, 9, 11, 2, 16, 3, 19), 884)
11: ((15, 6, 13, 18, 8, 12, 17, 20, 0, 14, 1, 23, 21, 22, 7, 10, 4, 24, 5, 9, 11, 2, 16, 3, 19), 884)
12: ((15, 6, 13, 18, 8, 12, 17, 20, 0, 14, 1, 23, 21, 22, 7, 10, 4, 24, 5, 9, 11, 2, 16, 3, 19), 884)
13: ((15, 6, 13, 18, 8, 12, 17, 20, 0, 14, 1, 23, 21, 22, 7, 10, 4, 24, 5, 9, 11, 2, 16, 3, 19), 884)
14: ((15, 6, 13, 18, 8, 12, 17, 20, 0, 14, 1, 23, 21, 22, 7, 10, 4, 24, 5, 9, 11, 2, 16, 3, 19), 884)
15: ((15, 6, 13, 18, 8, 12, 17, 20, 0, 14, 1, 23, 21, 22, 7, 10, 4, 24, 5, 9, 11, 2, 16, 3, 19), 884)
16: ((15, 6, 13, 18, 8, 12, 17, 20, 0, 14, 1, 23, 21, 22, 7, 10, 4, 24, 5, 9, 11, 2, 16, 3, 19), 884)
17: ((15, 6, 13, 18, 8, 12, 17, 20, 0, 14, 1, 23, 21, 22, 7, 10, 4, 24, 5, 9, 11, 2, 16, 3, 19), 884)
18: ((15, 6, 13, 18, 8, 12, 17, 20, 0, 14, 1, 23, 21, 22, 7, 10, 4, 24, 5, 9, 11, 2, 16, 3, 19), 884)
19: ((15, 6, 13, 18, 8, 12, 17, 20, 0, 14, 1, 23, 21, 22, 7, 10, 4, 24, 5, 9, 11, 2, 16, 3, 19), 884)
20: ((15, 6, 13, 18, 8, 12, 17, 20, 0, 14, 1, 23, 21, 22, 7, 10, 4, 24, 5, 9, 11, 2, 16, 3, 19), 884)
21: ((15, 6, 13, 18, 8, 12, 17, 20, 0, 14, 1, 23, 21, 22, 7, 10, 4, 24, 5, 9, 11, 2, 16, 3, 19), 884)
22: ((15, 6, 13, 18, 8, 12, 17, 20, 0, 14, 1, 23, 21, 22, 7, 10, 4, 24, 5, 9, 11, 2, 16, 3, 19), 884)
23: ((15, 6, 13, 18, 8, 12, 17, 20, 0, 14, 1, 23, 21, 22, 7, 10, 4, 24, 5, 9, 11, 2, 16, 3, 19), 884)
24: ((15, 6, 13, 18, 8, 12, 17, 20, 0, 14, 1, 23, 21, 22, 7, 10, 4, 24, 5, 9, 11, 2, 16, 3, 19), 884)
25: ((15, 6, 13, 18, 8, 12, 17, 20, 0, 14, 1, 23, 21, 22, 7, 10, 4, 24, 5, 9, 11, 2, 16, 3, 19), 884)
26: ((15, 6, 13, 18, 8, 12, 17, 20, 0, 14, 1, 23, 21, 22, 7, 10, 4, 24, 5, 9, 11, 2, 16, 3, 19), 884)
27: ((15, 6, 13, 18, 8, 12, 17, 20, 0, 14, 1, 23, 21, 22, 7, 10, 4, 24, 5, 9, 11, 2, 16, 3, 19), 884)
28: ((15, 6, 13, 18, 8, 12, 17, 20, 0, 14, 1, 23, 21, 22, 7, 10, 4, 24, 5, 9, 11, 2, 16, 3, 19), 884)
29: ((15, 6, 13, 18, 8, 12, 17, 20, 0, 14, 1, 23, 21, 22, 7, 10, 4, 24, 5, 9, 11, 2, 16, 3, 19), 884)
30: ((15, 6, 13, 18, 8, 12, 17, 20, 0, 14, 1, 23, 21, 22, 7, 10, 4, 24, 5, 9, 11, 2, 16, 3, 19), 884)
31: ((15, 6, 13, 18, 8, 12, 17, 20, 0, 14, 1, 23, 21, 22, 7, 10, 4, 24, 5, 9, 11, 2, 16, 3, 19), 884)
32: ((15, 6, 13, 18, 8, 12, 17, 20, 0, 14, 1, 23, 21, 22, 7, 10, 4, 24, 5, 9, 11, 2, 16, 3, 19), 884)
33: ((15, 6, 13, 18, 8, 12, 17, 20, 0, 14, 1, 23, 21, 22, 7, 10, 4, 24, 5, 9, 11, 2, 16, 3, 19), 884)
34: ((15, 6, 13, 18, 8, 12, 17, 20, 0, 14, 1, 23, 21, 22, 7, 10, 4, 24, 5, 9, 11, 2, 16, 3, 19), 884)
35: ((15, 6, 13, 18, 8, 12, 17, 20, 0, 14, 1, 23, 21, 22, 7, 10, 4, 24, 5, 9, 11, 2, 16, 3, 19), 884)
36: ((15, 6, 13, 18, 8, 12, 17, 20, 0, 14, 1, 23, 21, 22, 7, 10, 4, 24, 5, 9, 11, 2, 16, 3, 19), 884)
37: ((15, 6, 13, 18, 8, 12, 17, 20, 0, 14, 1, 23, 21, 22, 7, 10, 4, 24, 5, 9, 11, 2, 16, 3, 19), 884)
38: ((15, 6, 13, 18, 8, 12, 17, 20, 0, 14, 1, 23, 21, 22, 7, 10, 4, 24, 5, 9, 11, 2, 16, 3, 19), 884)
39: ((15, 6, 13, 18, 8, 12, 17, 20, 0, 14, 1, 23, 21, 22, 7, 10, 4, 24, 5, 9, 11, 2, 16, 3, 19), 884)
40: ((15, 6, 13, 18, 8, 12, 17, 20, 0, 14, 1, 23, 21, 22, 7, 10, 4, 24, 5, 9, 11, 2, 16, 3, 19), 884)
41: ((15, 6, 13, 18, 8, 12, 17, 20, 0, 14, 1, 23, 21, 22, 7, 10, 4, 24, 5, 9, 11, 2, 16, 3, 19), 884)
42: ((15, 6, 13, 18, 8, 12, 17, 20, 0, 14, 1, 23, 21, 22, 7, 10, 4, 24, 5, 9, 11, 2, 16, 3, 19), 884)
43: ((15, 6, 13, 18, 8, 12, 17, 20, 0, 14, 1, 23, 21, 22, 7, 10, 4, 24, 5, 9, 11, 2, 16, 3, 19), 884)
44: ((15, 6, 13, 18, 8, 12, 17, 20, 0, 14, 1, 23, 21, 22, 7, 10, 4, 24, 5, 9, 11, 2, 16, 3, 19), 884)
45: ((15, 6, 13, 18, 8, 12, 17, 20, 0, 14, 1, 23, 21, 22, 7, 10, 4, 24, 5, 9, 11, 2, 16, 3, 19), 884)
46: ((15, 6, 13, 18, 8, 12, 17, 20, 0, 14, 1, 23, 21, 22, 7, 10, 4, 24, 5, 9, 11, 2, 16, 3, 19), 884)
47: ((15, 6, 13, 18, 8, 12, 17, 20, 0, 14, 1, 23, 21, 22, 7, 10, 4, 24, 5, 9, 11, 2, 16, 3, 19), 884)
48: ((15, 6, 13, 18, 8, 12, 17, 20, 0, 14, 1, 23, 21, 22, 7, 10, 4, 24, 5, 9, 11, 2, 16, 3, 19), 884)
49: ((15, 6, 13, 18, 8, 12, 17, 20, 0, 14, 1, 23, 21, 22, 7, 10, 4, 24, 5, 9, 11, 2, 16, 3, 19), 884)
50: ((15, 6, 13, 18, 8, 12, 17, 20, 0, 14, 1, 23, 21, 22, 7, 10, 4, 24, 5, 9, 11, 2, 16, 3, 19), 884)
51: ((15, 6, 13, 18, 8, 12, 17, 20, 0, 14, 1, 23, 21, 22, 7, 10, 4, 24, 5, 9, 11, 2, 16, 3, 19), 884)
52: ((15, 6, 13, 18, 8, 12, 17, 20, 0, 14, 1, 23, 21, 22, 7, 10, 4, 24, 5, 9, 11, 2, 16, 3, 19), 884)
53: ((15, 6, 13, 18, 8, 12, 17, 20, 0, 14, 1, 23, 21, 22, 7, 10, 4, 24, 5, 9, 11, 2, 16, 3, 19), 884)
54: ((15, 6, 13, 18, 8, 12, 17, 20, 0, 14, 1, 23, 21, 22, 7, 10, 4, 24, 5, 9, 11, 2, 16, 3, 19), 884)
55: ((15, 6, 13, 18, 8, 12, 17, 20, 0, 14, 1, 23, 21, 22, 7, 10, 4, 24, 5, 9, 11, 2, 16, 3, 19), 884)
56: ((15, 6, 13, 18, 8, 12, 17, 20, 0, 14, 1, 23, 21, 22, 7, 10, 4, 24, 5, 9, 11, 2, 16, 3, 19), 884)
57: ((15, 6, 13, 18, 8, 12, 17, 20, 0, 14, 1, 23, 21, 22, 7, 10, 4, 24, 5, 9, 11, 2, 16, 3, 19), 884)
58: ((15, 6, 13, 18, 8, 12, 17, 20, 0, 14, 1, 23, 21, 22, 7, 10, 4, 24, 5, 9, 11, 2, 16, 3, 19), 884)
59: ((15, 6, 13, 18, 8, 12, 17, 20, 0, 14, 1, 23, 21, 22, 7, 10, 4, 24, 5, 9, 11, 2, 16, 3, 19), 884)
60: ((15, 6, 13, 18, 8, 12, 17, 20, 0, 14, 1, 23, 21, 22, 7, 10, 4, 24, 5, 9, 11, 2, 16, 3, 19), 884)
61: ((15, 6, 13, 18, 8, 12, 17, 20, 0, 14, 1, 23, 21, 22, 7, 10, 4, 24, 5, 9, 11, 2, 16, 3, 19), 884)
62: ((15, 6, 13, 18, 8, 12, 17, 20, 0, 14, 1, 23, 21, 22, 7, 10, 4, 24, 5, 9, 11, 2, 16, 3, 19), 884)
63: ((15, 6, 13, 18, 8, 12, 17, 20, 0, 14, 1, 23, 21, 22, 7, 10, 4, 24, 5, 9, 11, 2, 16, 3, 19), 884)
64: ((15, 6, 13, 18, 8, 12, 17, 20, 0, 14, 1, 23, 21, 22, 7, 10, 4, 24, 5, 9, 11, 2, 16, 3, 19), 884)
65: ((15, 6, 13, 18, 8, 12, 17, 20, 0, 14, 1, 23, 21, 22, 7, 10, 4, 24, 5, 9, 11, 2, 16, 3, 19), 884)
66: ((15, 6, 13, 18, 8, 12, 17, 20, 0, 14, 1, 23, 21, 22, 7, 10, 4, 24, 5, 9, 11, 2, 16, 3, 19), 884)
67: ((15, 6, 13, 18, 8, 12, 17, 20, 0, 14, 1, 23, 21, 22, 7, 10, 4, 24, 5, 9, 11, 2, 16, 3, 19), 884)
68: ((15, 6, 13, 18, 8, 12, 17, 20, 0, 14, 1, 23, 21, 22, 7, 10, 4, 24, 5, 9, 11, 2, 16, 3, 19), 884)
69: ((15, 6, 13, 18, 8, 12, 17, 20, 0, 14, 1, 23, 21, 22, 7, 10, 4, 24, 5, 9, 11, 2, 16, 3, 19), 884)
70: ((15, 6, 13, 18, 8, 12, 17, 20, 0, 14, 1, 23, 21, 22, 7, 10, 4, 24, 5, 9, 11, 2, 16, 3, 19), 884)
71: ((15, 6, 13, 18, 8, 12, 17, 20, 0, 14, 1, 23, 21, 22, 7, 10, 4, 24, 5, 9, 11, 2, 16, 3, 19), 884)
72: ((15, 6, 13, 18, 8, 12, 17, 20, 0, 14, 1, 23, 21, 22, 7, 10, 4, 24, 5, 9, 11, 2, 16, 3, 19), 884)
73: ((15, 6, 13, 18, 8, 12, 17, 20, 0, 14, 1, 23, 21, 22, 7, 10, 4, 24, 5, 9, 11, 2, 16, 3, 19), 884)
74: ((15, 6, 13, 18, 8, 12, 17, 20, 0, 14, 1, 23, 21, 22, 7, 10, 4, 24, 5, 9, 11, 2, 16, 3, 19), 884)
75: ((15, 6, 13, 18, 8, 12, 17, 20, 0, 14, 1, 23, 21, 22, 7, 10, 4, 24, 5, 9, 11, 2, 16, 3, 19), 884)
76: ((15, 6, 13, 18, 8, 12, 17, 20, 0, 14, 1, 23, 21, 22, 7, 10, 4, 24, 5, 9, 11, 2, 16, 3, 19), 884)
77: ((15, 6, 13, 18, 8, 12, 17, 20, 0, 14, 1, 23, 21, 22, 7, 10, 4, 24, 5, 9, 11, 2, 16, 3, 19), 884)
78: ((15, 6, 13, 18, 8, 12, 17, 20, 0, 14, 1, 23, 21, 22, 7, 10, 4, 24, 5, 9, 11, 2, 16, 3, 19), 884)
79: ((15, 6, 13, 18, 8, 12, 17, 20, 0, 14, 1, 23, 21, 22, 7, 10, 4, 24, 5, 9, 11, 2, 16, 3, 19), 884)
80: ((15, 6, 13, 18, 8, 12, 17, 20, 0, 14, 1, 23, 21, 22, 7, 10, 4, 24, 5, 9, 11, 2, 16, 3, 19), 884)
81: ((15, 6, 13, 18, 8, 12, 17, 20, 0, 14, 1, 23, 21, 22, 7, 10, 4, 24, 5, 9, 11, 2, 16, 3, 19), 884)
82: ((15, 6, 13, 18, 8, 12, 17, 20, 0, 14, 1, 23, 21, 22, 7, 10, 4, 24, 5, 9, 11, 2, 16, 3, 19), 884)
83: ((15, 6, 13, 18, 8, 12, 17, 20, 0, 14, 1, 23, 21, 22, 7, 10, 4, 24, 5, 9, 11, 2, 16, 3, 19), 884)
84: ((15, 6, 13, 18, 8, 12, 17, 20, 0, 14, 1, 23, 21, 22, 7, 10, 4, 24, 5, 9, 11, 2, 16, 3, 19), 884)
85: ((15, 6, 13, 18, 8, 12, 17, 20, 0, 14, 1, 23, 21, 22, 7, 10, 4, 24, 5, 9, 11, 2, 16, 3, 19), 884)
86: ((15, 6, 13, 18, 8, 12, 17, 20, 0, 14, 1, 23, 21, 22, 7, 10, 4, 24, 5, 9, 11, 2, 16, 3, 19), 884)
87: ((15, 6, 13, 18, 8, 12, 17, 20, 0, 14, 1, 23, 21, 22, 7, 10, 4, 24, 5, 9, 11, 2, 16, 3, 19), 884)
88: ((15, 6, 13, 18, 8, 12, 17, 20, 0, 14, 1, 23, 21, 22, 7, 10, 4, 24, 5, 9, 11, 2, 16, 3, 19), 884)
89: ((15, 6, 13, 18, 8, 12, 17, 20, 0, 14, 1, 23, 21, 22, 7, 10, 4, 24, 5, 9, 11, 2, 16, 3, 19), 884)
90: ((15, 6, 13, 18, 8, 12, 17, 20, 0, 14, 1, 23, 21, 22, 7, 10, 4, 24, 5, 9, 11, 2, 16, 3, 19), 884)
91: ((15, 6, 13, 18, 8, 12, 17, 20, 0, 14, 1, 23, 21, 22, 7, 10, 4, 24, 5, 9, 11, 2, 16, 3, 19), 884)
92: ((15, 6, 13, 18, 8, 12, 17, 20, 0, 14, 1, 23, 21, 22, 7, 10, 4, 24, 5, 9, 11, 2, 16, 3, 19), 884)
93: ((15, 6, 13, 18, 8, 12, 17, 20, 0, 14, 1, 23, 21, 22, 7, 10, 4, 24, 5, 9, 11, 2, 16, 3, 19), 884)
94: ((15, 6, 13, 18, 8, 12, 17, 20, 0, 14, 1, 23, 21, 22, 7, 10, 4, 24, 5, 9, 11, 2, 16, 3, 19), 884)
95: ((15, 6, 13, 18, 8, 12, 17, 20, 0, 14, 1, 23, 21, 22, 7, 10, 4, 24, 5, 9, 11, 2, 16, 3, 19), 884)
Best: ((15, 6, 13, 18, 8, 12, 17, 20, 0, 14, 1, 23, 21, 22, 7, 10, 4, 24, 5, 9, 11, 2, 16, 3, 19), 884)
Runtime: 23.528205099999997 s