Generations:
0: ((4, 5, 7, 2, 8, 3, 0, 1, 9, 6), 776)
1: ((2, 4, 8, 6, 0, 7, 9, 1, 5, 3), 773)
2: ((9, 4, 0, 2, 8, 1, 3, 5, 6, 7), 772)
3: ((9, 4, 0, 2, 8, 1, 3, 5, 6, 7), 772)
4: ((4, 5, 7, 2, 0, 1, 9, 6, 8, 3), 760)
5: ((4, 5, 7, 2, 0, 1, 9, 6, 8, 3), 760)
6: ((4, 5, 7, 2, 0, 1, 9, 6, 8, 3), 760)
7: ((4, 5, 7, 2, 0, 1, 9, 6, 8, 3), 760)
8: ((2, 4, 3, 7, 0, 1, 5, 8, 6, 9), 758)
9: ((2, 4, 3, 7, 0, 1, 5, 8, 6, 9), 758)
10: ((2, 4, 3, 7, 0, 1, 5, 8, 6, 9), 758)
11: ((7, 2, 8, 4, 0, 9, 6, 3, 1, 5), 756)
12: ((7, 2, 8, 4, 0, 9, 6, 3, 1, 5), 756)
13: ((4, 3, 2, 7, 6, 0, 8, 1, 5, 9), 753)
14: ((4, 3, 2, 7, 6, 0, 8, 1, 5, 9), 753)
15: ((4, 3, 2, 7, 6, 0, 8, 1, 5, 9), 753)
16: ((4, 3, 2, 7, 6, 0, 8, 1, 5, 9), 753)
17: ((4, 3, 2, 7, 6, 0, 8, 1, 5, 9), 753)
18: ((4, 5, 2, 7, 6, 3, 8, 0, 9, 1), 751)
19: ((4, 5, 2, 7, 6, 3, 8, 0, 9, 1), 753)
20: ((4, 5, 2, 7, 6, 3, 8, 0, 9, 1), 753)
21: ((4, 5, 2, 7, 6, 3, 8, 0, 9, 1), 753)
22: ((4, 5, 2, 7, 6, 3, 8, 0, 9, 1), 753)
23: ((4, 5, 2, 7, 6, 3, 8, 0, 9, 1), 753)
24: ((4, 5, 2, 7, 6, 3, 8, 0, 9, 1), 753)
25: ((4, 5, 2, 7, 6, 3, 8, 0, 9, 1), 753)
26: ((4, 5, 2, 7, 6, 3, 8, 0, 9, 1), 753)
27: ((4, 5, 2, 7, 6, 3, 8, 0, 9, 1), 753)
28: ((4, 5, 2, 7, 6, 3, 8, 0, 9, 1), 753)
29: ((4, 5, 2, 7, 6, 3, 8, 0, 9, 1), 753)
30: ((4, 3, 2, 7, 6, 0, 8, 1, 5, 9), 753)
31: ((4, 3, 2, 7, 6, 0, 8, 1, 5, 9), 753)
32: ((4, 3, 2, 7, 6, 0, 8, 1, 5, 9), 753)
33: ((4, 3, 2, 7, 6, 0, 8, 1, 5, 9), 753)
34: ((2, 7, 4, 6, 8, 0, 3, 9, 1, 5), 749)
35: ((2, 7, 4, 6, 8, 0, 3, 9, 1, 5), 749)
36: ((2, 7, 4, 6, 8, 0, 3, 1, 9, 5), 747)
37: ((2, 7, 4, 6, 8, 0, 3, 1, 9, 5), 747)
38: ((2, 7, 4, 6, 8, 0, 3, 1, 9, 5), 747)
39: ((2, 7, 4, 6, 8, 0, 3, 1, 9, 5), 747)
40: ((4, 7, 2, 1, 6, 8, 3, 0, 9, 5), 748)
41: ((4, 7, 2, 1, 6, 8, 3, 0, 9, 5), 748)
42: ((4, 7, 2, 1, 6, 8, 3, 0, 9, 5), 748)
43: ((4, 2, 7, 0, 6, 8, 3, 1, 9, 5), 751)
44: ((2, 1, 4, 6, 5, 3, 8, 0, 7, 9), 756)
45: ((2, 1, 4, 6, 5, 3, 8, 0, 7, 9), 756)
46: ((7, 4, 2, 8, 6, 1, 5, 0, 9, 3), 745)
47: ((7, 4, 2, 8, 6, 1, 5, 0, 9, 3), 745)
48: ((7, 4, 2, 8, 6, 1, 5, 0, 9, 3), 745)
49: ((7, 4, 2, 8, 6, 1, 5, 0, 9, 3), 745)
50: ((7, 4, 2, 8, 6, 1, 5, 0, 9, 3), 745)
51: ((7, 4, 2, 8, 6, 1, 5, 0, 9, 3), 745)
52: ((7, 4, 2, 8, 6, 1, 5, 0, 9, 3), 745)
53: ((7, 4, 2, 8, 6, 1, 5, 0, 9, 3), 745)
54: ((7, 4, 2, 8, 6, 1, 5, 0, 9, 3), 745)
55: ((7, 4, 2, 8, 6, 1, 5, 0, 9, 3), 745)
56: ((7, 4, 2, 8, 6, 1, 5, 0, 9, 3), 745)
57: ((7, 4, 2, 8, 6, 1, 5, 0, 9, 3), 745)
58: ((7, 4, 2, 8, 6, 1, 5, 0, 9, 3), 745)
59: ((7, 4, 2, 8, 6, 1, 5, 0, 9, 3), 745)
60: ((4, 7, 2, 6, 3, 8, 0, 1, 9, 5), 740)
61: ((7, 4, 2, 8, 6, 1, 5, 0, 9, 3), 745)
62: ((7, 4, 2, 8, 6, 1, 5, 0, 9, 3), 745)
63: ((7, 4, 2, 8, 6, 1, 5, 0, 9, 3), 745)
64: ((7, 4, 2, 8, 6, 1, 5, 0, 9, 3), 745)
65: ((7, 4, 2, 8, 6, 1, 5, 0, 9, 3), 745)
66: ((4, 7, 2, 6, 3, 8, 0, 1, 5, 9), 748)
67: ((4, 7, 2, 6, 3, 8, 0, 1, 5, 9), 748)
68: ((4, 7, 2, 6, 3, 8, 0, 1, 5, 9), 748)
69: ((4, 7, 2, 6, 3, 8, 0, 1, 5, 9), 748)
70: ((4, 7, 2, 6, 3, 8, 0, 1, 5, 9), 748)
71: ((4, 7, 2, 6, 3, 8, 0, 1, 5, 9), 748)
72: ((7, 4, 2, 6, 3, 8, 0, 1, 9, 5), 744)
73: ((7, 4, 2, 6, 3, 8, 0, 1, 9, 5), 744)
74: ((7, 4, 2, 6, 3, 8, 0, 1, 9, 5), 744)
75: ((7, 4, 2, 6, 3, 8, 0, 1, 9, 5), 744)
76: ((7, 4, 2, 6, 3, 8, 0, 1, 9, 5), 744)
77: ((7, 4, 2, 6, 3, 8, 0, 1, 9, 5), 744)
78: ((7, 4, 2, 6, 3, 8, 0, 1, 9, 5), 744)
79: ((7, 4, 2, 6, 3, 8, 0, 1, 9, 5), 744)
80: ((7, 4, 2, 6, 3, 8, 0, 1, 9, 5), 744)
81: ((7, 4, 2, 6, 3, 8, 0, 1, 9, 5), 744)
82: ((7, 4, 2, 6, 3, 8, 0, 1, 9, 5), 744)
83: ((7, 4, 2, 6, 3, 8, 0, 1, 9, 5), 744)
84: ((7, 4, 2, 6, 3, 8, 0, 1, 9, 5), 744)
85: ((7, 4, 2, 6, 3, 8, 0, 1, 9, 5), 744)
86: ((7, 4, 2, 6, 3, 8, 0, 1, 9, 5), 744)
87: ((7, 4, 2, 6, 3, 8, 0, 1, 9, 5), 744)
88: ((7, 4, 2, 6, 3, 8, 0, 1, 9, 5), 744)
89: ((2, 4, 7, 8, 1, 0, 5, 3, 6, 9), 745)
90: ((2, 4, 7, 8, 1, 0, 5, 3, 6, 9), 745)
91: ((2, 4, 7, 8, 1, 0, 5, 3, 6, 9), 745)
92: ((4, 7, 2, 1, 5, 8, 0, 9, 6, 3), 746)
93: ((4, 7, 2, 1, 5, 8, 0, 9, 6, 3), 746)
94: ((4, 7, 2, 1, 5, 8, 0, 9, 6, 3), 746)
95: ((4, 7, 2, 1, 5, 8, 0, 9, 6, 3), 746)
96: ((4, 7, 2, 1, 5, 8, 0, 9, 6, 3), 746)
Best: ((4, 7, 2, 6, 3, 8, 0, 1, 9, 5), 740)
Runtime: 196.2252811 s