Generations:
0: ((5, 2, 7, 0, 4, 9, 6, 8, 1, 3), 782)
1: ((5, 2, 7, 0, 4, 9, 6, 8, 1, 3), 782)
2: ((9, 5, 4, 8, 2, 0, 1, 6, 3, 7), 771)
3: ((9, 5, 4, 8, 2, 0, 1, 6, 3, 7), 771)
4: ((9, 5, 4, 8, 2, 0, 1, 6, 3, 7), 771)
5: ((9, 5, 4, 8, 2, 0, 1, 6, 3, 7), 771)
6: ((7, 8, 3, 4, 5, 0, 9, 2, 6, 1), 769)
7: ((5, 2, 7, 0, 1, 6, 3, 9, 8, 4), 760)
8: ((5, 2, 7, 0, 1, 6, 3, 9, 8, 4), 760)
9: ((5, 2, 7, 0, 1, 6, 3, 9, 8, 4), 760)
10: ((5, 2, 7, 0, 1, 6, 3, 9, 8, 4), 760)
11: ((5, 2, 7, 0, 1, 6, 3, 9, 8, 4), 760)
12: ((5, 2, 7, 0, 1, 6, 3, 9, 8, 4), 760)
13: ((4, 2, 0, 9, 7, 1, 8, 5, 6, 3), 756)
14: ((4, 2, 0, 9, 7, 1, 8, 5, 6, 3), 756)
15: ((5, 3, 7, 4, 2, 0, 9, 6, 1, 8), 758)
16: ((4, 0, 2, 7, 1, 6, 9, 8, 3, 5), 754)
17: ((5, 3, 7, 4, 2, 0, 9, 6, 1, 8), 758)
18: ((5, 3, 7, 4, 2, 0, 9, 6, 1, 8), 758)
19: ((5, 3, 7, 4, 2, 0, 9, 6, 1, 8), 758)
20: ((5, 3, 7, 4, 2, 0, 9, 6, 1, 8), 758)
21: ((5, 3, 7, 4, 2, 0, 9, 6, 1, 8), 758)
22: ((4, 2, 7, 0, 1, 6, 5, 3, 9, 8), 755)
23: ((4, 2, 7, 0, 1, 6, 5, 3, 9, 8), 755)
24: ((4, 2, 7, 0, 1, 6, 5, 3, 9, 8), 755)
25: ((4, 2, 7, 0, 1, 6, 5, 3, 9, 8), 755)
26: ((4, 2, 7, 0, 1, 6, 5, 3, 9, 8), 755)
27: ((3, 4, 2, 7, 8, 0, 9, 1, 5, 6), 752)
28: ((3, 4, 2, 7, 8, 0, 9, 1, 5, 6), 752)
29: ((3, 4, 2, 7, 8, 0, 9, 1, 5, 6), 752)
30: ((3, 4, 2, 7, 8, 0, 9, 1, 5, 6), 752)
31: ((3, 4, 2, 7, 8, 0, 9, 1, 5, 6), 752)
32: ((4, 2, 7, 0, 1, 6, 5, 3, 9, 8), 755)
33: ((4, 2, 7, 0, 1, 6, 5, 3, 9, 8), 755)
34: ((4, 2, 7, 0, 1, 6, 5, 3, 9, 8), 755)
35: ((4, 2, 7, 0, 1, 6, 5, 3, 9, 8), 755)
36: ((4, 2, 7, 0, 1, 6, 5, 3, 9, 8), 755)
37: ((4, 0, 2, 7, 1, 5, 6, 9, 8, 3), 753)
38: ((4, 2, 7, 0, 1, 6, 5, 3, 9, 8), 750)
39: ((4, 2, 7, 0, 1, 6, 5, 3, 9, 8), 750)
40: ((4, 2, 7, 0, 1, 6, 5, 3, 9, 8), 750)
41: ((4, 2, 7, 0, 1, 6, 5, 3, 9, 8), 750)
42: ((4, 2, 7, 0, 1, 6, 5, 3, 9, 8), 750)
43: ((4, 2, 7, 0, 1, 6, 5, 3, 9, 8), 750)
44: ((4, 2, 7, 0, 1, 6, 5, 3, 9, 8), 750)
45: ((4, 2, 7, 0, 1, 6, 5, 3, 9, 8), 750)
46: ((4, 2, 7, 0, 1, 6, 5, 3, 9, 8), 750)
47: ((4, 2, 7, 0, 1, 6, 5, 3, 9, 8), 750)
48: ((4, 2, 7, 0, 1, 6, 5, 3, 9, 8), 750)
49: ((7, 4, 2, 1, 6, 8, 5, 0, 9, 3), 745)
50: ((7, 4, 2, 1, 6, 8, 5, 0, 9, 3), 745)
51: ((7, 4, 2, 1, 6, 8, 5, 0, 9, 3), 745)
52: ((7, 4, 2, 1, 6, 8, 5, 0, 9, 3), 745)
53: ((7, 4, 2, 1, 6, 8, 5, 0, 9, 3), 745)
54: ((7, 4, 2, 1, 6, 8, 5, 0, 9, 3), 745)
55: ((7, 4, 2, 1, 6, 8, 5, 0, 9, 3), 745)
56: ((7, 4, 2, 1, 6, 8, 5, 0, 9, 3), 745)
57: ((7, 4, 2, 1, 6, 8, 5, 0, 9, 3), 745)
58: ((7, 4, 2, 1, 6, 5, 0, 9, 3, 8), 753)
59: ((7, 4, 2, 1, 6, 5, 0, 9, 3, 8), 753)
60: ((7, 4, 2, 1, 6, 5, 0, 9, 3, 8), 753)
61: ((7, 4, 2, 1, 6, 5, 0, 9, 3, 8), 753)
62: ((7, 4, 2, 1, 6, 5, 0, 9, 3, 8), 753)
63: ((7, 4, 2, 1, 6, 5, 0, 9, 3, 8), 753)
64: ((7, 4, 2, 1, 6, 5, 0, 9, 3, 8), 753)
65: ((4, 2, 0, 3, 7, 8, 1, 5, 9, 6), 754)
66: ((4, 2, 0, 3, 7, 8, 1, 5, 9, 6), 754)
67: ((4, 2, 0, 3, 7, 8, 1, 5, 9, 6), 754)
68: ((4, 2, 0, 3, 7, 8, 1, 5, 9, 6), 754)
69: ((4, 2, 0, 3, 7, 8, 1, 5, 9, 6), 754)
70: ((4, 2, 0, 3, 7, 8, 1, 5, 9, 6), 754)
71: ((4, 2, 0, 3, 7, 8, 1, 5, 9, 6), 754)
72: ((4, 2, 0, 3, 7, 8, 1, 5, 9, 6), 754)
73: ((4, 2, 0, 3, 7, 8, 1, 5, 9, 6), 754)
74: ((4, 2, 0, 7, 1, 5, 9, 6, 8, 3), 751)
75: ((4, 2, 0, 7, 1, 5, 9, 6, 8, 3), 751)
76: ((4, 2, 0, 7, 1, 5, 9, 6, 8, 3), 751)
77: ((4, 2, 7, 1, 6, 8, 0, 5, 9, 3), 750)
78: ((4, 2, 7, 8, 1, 0, 6, 5, 9, 3), 746)
79: ((4, 2, 7, 1, 6, 8, 0, 5, 9, 3), 750)
80: ((4, 2, 7, 1, 6, 8, 0, 5, 9, 3), 750)
81: ((4, 2, 7, 1, 6, 8, 0, 5, 9, 3), 750)
82: ((4, 2, 7, 1, 6, 8, 0, 5, 9, 3), 750)
83: ((4, 2, 7, 1, 6, 8, 0, 5, 9, 3), 750)
84: ((4, 2, 0, 7, 1, 5, 9, 6, 8, 3), 751)
85: ((4, 2, 0, 7, 1, 5, 9, 6, 8, 3), 753)
86: ((4, 2, 0, 7, 1, 5, 9, 6, 8, 3), 753)
87: ((4, 7, 2, 1, 5, 8, 3, 0, 6, 9), 752)
88: ((4, 7, 2, 1, 5, 8, 3, 0, 6, 9), 752)
89: ((4, 7, 2, 1, 5, 8, 3, 0, 6, 9), 752)
90: ((4, 7, 2, 1, 5, 8, 3, 0, 6, 9), 752)
91: ((4, 7, 2, 1, 5, 8, 3, 0, 6, 9), 752)
92: ((7, 4, 2, 1, 5, 0, 3, 9, 6, 8), 755)
93: ((7, 4, 2, 1, 5, 0, 3, 9, 6, 8), 755)
94: ((7, 4, 2, 1, 5, 0, 3, 9, 6, 8), 755)
95: ((7, 4, 2, 1, 5, 0, 3, 9, 6, 8), 755)
96: ((7, 4, 2, 1, 5, 0, 3, 9, 6, 8), 755)
Best: ((7, 4, 2, 1, 6, 8, 5, 0, 9, 3), 745)
Runtime: 204.5506917 s