Generations:
0: ((4, 3, 0, 7, 8, 6, 1, 5, 9, 2), 772)
1: ((4, 3, 0, 7, 8, 6, 1, 5, 9, 2), 772)
2: ((4, 3, 0, 7, 8, 6, 1, 5, 9, 2), 772)
3: ((4, 3, 0, 7, 8, 6, 1, 5, 9, 2), 772)
4: ((7, 4, 5, 2, 0, 8, 3, 9, 1, 6), 767)
5: ((6, 5, 7, 4, 2, 0, 8, 9, 3, 1), 764)
6: ((6, 5, 7, 4, 2, 0, 8, 9, 3, 1), 764)
7: ((6, 5, 7, 4, 2, 0, 8, 9, 3, 1), 764)
8: ((6, 5, 7, 4, 2, 0, 8, 9, 3, 1), 764)
9: ((6, 5, 7, 4, 2, 0, 8, 9, 3, 1), 764)
10: ((2, 4, 0, 7, 6, 8, 1, 3, 9, 5), 763)
11: ((2, 4, 0, 7, 6, 8, 1, 3, 9, 5), 763)
12: ((2, 4, 0, 7, 6, 8, 1, 3, 9, 5), 763)
13: ((2, 4, 0, 7, 6, 8, 1, 3, 9, 5), 763)
14: ((2, 4, 0, 7, 6, 8, 1, 3, 9, 5), 763)
15: ((2, 4, 0, 7, 6, 8, 1, 3, 9, 5), 763)
16: ((2, 4, 0, 7, 6, 8, 1, 3, 9, 5), 763)
17: ((2, 4, 0, 7, 6, 8, 1, 3, 9, 5), 763)
18: ((2, 4, 0, 7, 6, 8, 1, 3, 9, 5), 763)
19: ((2, 4, 0, 7, 6, 8, 1, 3, 9, 5), 763)
20: ((2, 4, 0, 7, 6, 8, 1, 3, 9, 5), 763)
21: ((7, 8, 4, 2, 0, 1, 3, 9, 5, 6), 754)
22: ((7, 8, 4, 2, 0, 1, 3, 9, 5, 6), 754)
23: ((2, 4, 0, 7, 6, 8, 1, 3, 9, 5), 763)
24: ((3, 4, 2, 8, 0, 1, 9, 5, 7, 6), 759)
25: ((3, 4, 2, 8, 0, 1, 9, 5, 7, 6), 759)
26: ((3, 4, 2, 8, 0, 1, 9, 5, 7, 6), 759)
27: ((7, 4, 2, 0, 1, 8, 9, 6, 3, 5), 758)
28: ((5, 4, 2, 0, 7, 3, 9, 8, 1, 6), 756)
29: ((5, 4, 2, 0, 7, 3, 9, 8, 1, 6), 756)
30: ((4, 2, 0, 3, 7, 8, 1, 9, 5, 6), 753)
31: ((4, 2, 0, 3, 7, 8, 1, 9, 5, 6), 753)
32: ((4, 2, 0, 3, 7, 8, 1, 9, 5, 6), 753)
33: ((4, 2, 0, 3, 7, 8, 1, 9, 5, 6), 753)
34: ((7, 4, 2, 3, 0, 8, 1, 5, 9, 6), 754)
35: ((7, 4, 2, 3, 0, 8, 1, 5, 9, 6), 754)
36: ((7, 4, 2, 3, 0, 8, 1, 5, 9, 6), 754)
37: ((7, 4, 2, 3, 0, 8, 1, 5, 9, 6), 754)
38: ((4, 2, 7, 0, 3, 8, 9, 1, 6, 5), 753)
39: ((5, 4, 2, 0, 7, 6, 8, 9, 3, 1), 751)
40: ((5, 4, 2, 0, 6, 8, 7, 9, 3, 1), 749)
41: ((5, 4, 2, 0, 6, 8, 7, 9, 3, 1), 749)
42: ((4, 0, 7, 3, 2, 6, 8, 1, 5, 9), 752)
43: ((4, 7, 2, 8, 0, 1, 5, 3, 9, 6), 752)
44: ((5, 4, 2, 6, 0, 8, 7, 9, 3, 1), 747)
45: ((5, 4, 2, 6, 0, 8, 7, 9, 3, 1), 747)
46: ((5, 4, 2, 6, 0, 8, 7, 9, 3, 1), 747)
47: ((5, 4, 2, 6, 0, 8, 7, 9, 3, 1), 747)
48: ((5, 4, 2, 6, 0, 8, 7, 9, 3, 1), 747)
49: ((5, 4, 2, 6, 0, 8, 7, 9, 3, 1), 747)
50: ((5, 4, 2, 6, 0, 8, 7, 9, 3, 1), 747)
51: ((5, 4, 2, 6, 0, 8, 7, 9, 3, 1), 747)
52: ((5, 4, 2, 6, 0, 8, 7, 9, 3, 1), 747)
53: ((5, 4, 2, 6, 0, 8, 7, 9, 3, 1), 747)
54: ((5, 4, 2, 6, 0, 8, 7, 9, 3, 1), 747)
55: ((4, 7, 2, 8, 0, 1, 5, 3, 9, 6), 752)
56: ((4, 7, 2, 8, 0, 1, 5, 3, 9, 6), 752)
57: ((4, 7, 2, 8, 0, 1, 5, 3, 9, 6), 752)
58: ((4, 7, 2, 8, 0, 1, 5, 3, 9, 6), 752)
59: ((4, 7, 2, 8, 0, 1, 5, 3, 9, 6), 752)
60: ((4, 7, 2, 8, 0, 1, 5, 3, 9, 6), 752)
61: ((4, 7, 2, 8, 0, 1, 5, 3, 9, 6), 752)
62: ((4, 7, 2, 8, 0, 1, 5, 3, 9, 6), 752)
63: ((4, 2, 7, 8, 3, 0, 9, 1, 5, 6), 748)
64: ((4, 2, 7, 8, 3, 0, 9, 1, 5, 6), 748)
65: ((4, 2, 7, 8, 3, 0, 9, 1, 5, 6), 748)
66: ((4, 2, 7, 8, 3, 0, 9, 1, 5, 6), 748)
67: ((4, 2, 7, 8, 3, 0, 9, 1, 5, 6), 748)
68: ((2, 7, 4, 8, 0, 1, 5, 3, 9, 6), 752)
69: ((2, 7, 4, 8, 0, 1, 5, 3, 9, 6), 752)
70: ((2, 7, 4, 8, 0, 1, 5, 3, 9, 6), 752)
71: ((2, 7, 4, 8, 0, 1, 5, 3, 9, 6), 752)
72: ((4, 3, 2, 0, 7, 8, 1, 9, 6, 5), 749)
73: ((4, 3, 2, 0, 7, 8, 1, 9, 6, 5), 749)
74: ((4, 3, 2, 0, 7, 8, 1, 9, 6, 5), 749)
75: ((4, 3, 2, 0, 7, 8, 1, 9, 6, 5), 749)
76: ((4, 3, 2, 0, 7, 8, 1, 9, 6, 5), 749)
77: ((4, 3, 2, 0, 7, 8, 1, 9, 6, 5), 749)
78: ((4, 3, 2, 0, 7, 8, 1, 9, 6, 5), 749)
79: ((4, 2, 7, 8, 0, 9, 1, 3, 6, 5), 748)
80: ((4, 2, 7, 8, 0, 9, 1, 3, 6, 5), 748)
81: ((4, 2, 7, 8, 0, 9, 1, 3, 6, 5), 748)
82: ((4, 2, 7, 8, 0, 9, 1, 3, 6, 5), 748)
83: ((4, 7, 2, 0, 8, 1, 6, 5, 9, 3), 750)
84: ((4, 7, 2, 0, 8, 1, 6, 5, 9, 3), 750)
85: ((4, 7, 2, 0, 8, 1, 6, 5, 9, 3), 750)
86: ((4, 7, 2, 0, 8, 1, 6, 5, 9, 3), 750)
87: ((4, 7, 2, 0, 8, 1, 6, 5, 9, 3), 750)
88: ((4, 7, 2, 0, 8, 1, 6, 5, 9, 3), 750)
89: ((2, 7, 4, 8, 0, 1, 5, 3, 9, 6), 752)
90: ((4, 3, 7, 2, 8, 0, 1, 9, 6, 5), 746)
91: ((4, 3, 7, 2, 8, 0, 1, 9, 6, 5), 746)
92: ((4, 3, 7, 2, 8, 0, 1, 9, 6, 5), 746)
93: ((4, 3, 7, 2, 8, 0, 1, 9, 6, 5), 746)
94: ((4, 3, 7, 2, 8, 0, 1, 9, 6, 5), 746)
95: ((4, 3, 7, 2, 8, 0, 1, 9, 6, 5), 746)
96: ((4, 3, 7, 2, 8, 0, 1, 9, 6, 5), 746)
97: ((4, 3, 7, 2, 8, 1, 0, 9, 6, 5), 749)
Best: ((4, 3, 7, 2, 8, 0, 1, 9, 6, 5), 746)
Runtime: 203.6381855 s