Generations:
0: ((2, 7, 6, 4, 3, 0, 5, 8, 9, 1), 771)
1: ((2, 7, 6, 4, 3, 0, 5, 8, 9, 1), 771)
2: ((2, 7, 6, 4, 3, 0, 5, 8, 9, 1), 771)
3: ((4, 2, 0, 7, 9, 6, 1, 5, 8, 3), 764)
4: ((4, 2, 0, 7, 9, 6, 1, 5, 8, 3), 764)
5: ((4, 2, 0, 7, 9, 6, 1, 5, 8, 3), 764)
6: ((4, 2, 0, 7, 9, 6, 1, 5, 8, 3), 764)
7: ((4, 2, 0, 7, 9, 6, 1, 5, 8, 3), 764)
8: ((4, 2, 0, 7, 9, 6, 1, 5, 8, 3), 764)
9: ((4, 2, 0, 7, 9, 6, 1, 5, 8, 3), 764)
10: ((4, 2, 0, 7, 9, 6, 1, 5, 8, 3), 764)
11: ((2, 3, 4, 0, 9, 7, 1, 5, 8, 6), 756)
12: ((2, 3, 4, 0, 9, 7, 1, 5, 8, 6), 756)
13: ((2, 3, 4, 0, 9, 7, 1, 5, 8, 6), 756)
14: ((2, 3, 4, 0, 9, 7, 1, 5, 8, 6), 756)
15: ((4, 7, 8, 2, 1, 0, 9, 3, 5, 6), 756)
16: ((4, 7, 8, 2, 1, 0, 9, 3, 5, 6), 756)
17: ((4, 7, 8, 2, 1, 0, 9, 3, 5, 6), 756)
18: ((4, 7, 8, 2, 1, 0, 9, 3, 5, 6), 756)
19: ((4, 7, 8, 2, 1, 0, 9, 3, 5, 6), 756)
20: ((4, 7, 8, 2, 1, 0, 9, 3, 5, 6), 756)
21: ((6, 4, 7, 2, 8, 3, 1, 0, 9, 5), 761)
22: ((6, 4, 7, 2, 8, 3, 1, 0, 9, 5), 761)
23: ((7, 4, 2, 1, 6, 3, 8, 0, 9, 5), 739)
24: ((7, 4, 2, 1, 6, 3, 8, 0, 9, 5), 739)
25: ((7, 4, 2, 1, 6, 3, 8, 0, 9, 5), 739)
26: ((7, 4, 2, 1, 6, 3, 8, 0, 9, 5), 739)
27: ((7, 4, 2, 1, 6, 3, 8, 0, 9, 5), 739)
28: ((7, 4, 2, 1, 6, 3, 8, 0, 9, 5), 739)
29: ((7, 4, 2, 1, 6, 3, 8, 0, 9, 5), 739)
30: ((7, 4, 2, 1, 6, 3, 8, 0, 9, 5), 739)
31: ((7, 4, 2, 1, 6, 3, 8, 0, 9, 5), 739)
32: ((7, 4, 2, 1, 6, 3, 8, 0, 9, 5), 739)
33: ((7, 4, 2, 1, 6, 3, 8, 0, 9, 5), 739)
34: ((7, 4, 2, 1, 6, 3, 8, 0, 9, 5), 739)
35: ((7, 4, 2, 1, 6, 3, 8, 0, 9, 5), 739)
36: ((4, 2, 7, 8, 3, 1, 0, 9, 5, 6), 751)
37: ((2, 4, 7, 1, 6, 5, 8, 0, 9, 3), 748)
38: ((2, 4, 7, 1, 6, 5, 8, 0, 9, 3), 748)
39: ((2, 4, 7, 1, 6, 5, 8, 0, 9, 3), 748)
40: ((2, 4, 7, 1, 6, 5, 8, 0, 9, 3), 748)
41: ((2, 7, 4, 1, 0, 6, 3, 8, 5, 9), 753)
42: ((2, 7, 4, 1, 0, 6, 3, 8, 5, 9), 753)
43: ((2, 7, 4, 1, 0, 6, 3, 8, 5, 9), 753)
44: ((2, 7, 4, 1, 0, 6, 3, 8, 5, 9), 753)
45: ((4, 7, 2, 8, 3, 0, 9, 1, 5, 6), 747)
46: ((4, 7, 2, 8, 3, 0, 9, 1, 5, 6), 747)
47: ((2, 7, 4, 6, 3, 8, 1, 5, 0, 9), 751)
48: ((2, 7, 4, 6, 3, 8, 1, 5, 0, 9), 751)
49: ((2, 7, 4, 6, 3, 8, 1, 5, 0, 9), 751)
50: ((2, 7, 4, 6, 3, 8, 1, 5, 0, 9), 751)
51: ((2, 7, 4, 6, 3, 8, 1, 5, 0, 9), 751)
52: ((2, 7, 4, 6, 3, 8, 1, 5, 0, 9), 751)
53: ((2, 7, 4, 6, 3, 8, 1, 5, 0, 9), 751)
54: ((2, 7, 4, 6, 3, 8, 1, 5, 0, 9), 751)
55: ((2, 7, 4, 6, 3, 8, 1, 5, 0, 9), 751)
56: ((2, 7, 4, 6, 3, 8, 1, 5, 0, 9), 751)
57: ((2, 7, 4, 6, 3, 8, 1, 5, 0, 9), 751)
58: ((2, 7, 4, 6, 3, 8, 1, 5, 0, 9), 750)
59: ((2, 7, 4, 6, 3, 8, 1, 5, 0, 9), 750)
60: ((2, 7, 4, 6, 3, 8, 1, 5, 0, 9), 750)
61: ((2, 7, 4, 6, 3, 8, 1, 5, 0, 9), 750)
62: ((2, 7, 4, 6, 3, 8, 1, 5, 0, 9), 750)
63: ((2, 7, 4, 6, 3, 8, 1, 5, 0, 9), 750)
64: ((3, 4, 2, 7, 1, 6, 8, 0, 9, 5), 740)
65: ((3, 4, 2, 7, 1, 6, 8, 0, 9, 5), 740)
66: ((3, 4, 2, 7, 1, 6, 8, 0, 9, 5), 740)
67: ((3, 4, 2, 7, 1, 6, 8, 0, 9, 5), 740)
68: ((3, 4, 2, 7, 1, 6, 8, 0, 9, 5), 740)
69: ((3, 4, 2, 7, 1, 6, 8, 0, 9, 5), 740)
70: ((3, 4, 2, 7, 1, 6, 8, 0, 9, 5), 740)
71: ((7, 2, 4, 8, 0, 1, 6, 9, 3, 5), 749)
72: ((4, 2, 7, 1, 6, 5, 8, 0, 3, 9), 748)
73: ((4, 2, 7, 1, 6, 5, 8, 0, 3, 9), 748)
74: ((4, 2, 7, 1, 6, 5, 8, 0, 3, 9), 748)
75: ((4, 2, 7, 1, 6, 5, 8, 0, 3, 9), 748)
76: ((4, 2, 7, 1, 6, 5, 8, 0, 3, 9), 748)
77: ((4, 2, 7, 1, 6, 5, 8, 0, 3, 9), 748)
78: ((4, 2, 7, 1, 6, 5, 8, 0, 3, 9), 748)
79: ((4, 2, 7, 1, 6, 8, 0, 9, 3, 5), 748)
80: ((2, 7, 3, 4, 8, 0, 1, 5, 6, 9), 751)
81: ((2, 7, 3, 4, 8, 0, 1, 5, 6, 9), 751)
82: ((2, 7, 3, 4, 8, 0, 1, 5, 6, 9), 751)
83: ((2, 7, 3, 4, 8, 0, 1, 5, 6, 9), 751)
84: ((2, 7, 3, 4, 8, 0, 1, 5, 6, 9), 751)
85: ((2, 4, 7, 1, 6, 8, 0, 9, 3, 5), 749)
86: ((2, 4, 7, 1, 6, 8, 0, 9, 3, 5), 749)
87: ((2, 4, 7, 1, 6, 8, 0, 9, 3, 5), 749)
88: ((2, 4, 7, 1, 6, 8, 0, 9, 3, 5), 749)
89: ((2, 4, 7, 1, 6, 8, 0, 9, 3, 5), 749)
90: ((2, 4, 7, 1, 6, 8, 0, 9, 3, 5), 749)
91: ((2, 4, 7, 1, 6, 8, 0, 9, 5, 3), 746)
92: ((2, 4, 7, 1, 6, 8, 0, 9, 5, 3), 746)
93: ((2, 4, 7, 1, 6, 8, 0, 9, 5, 3), 746)
94: ((2, 4, 7, 1, 6, 8, 0, 9, 3, 5), 749)
95: ((2, 4, 7, 1, 6, 8, 0, 9, 3, 5), 749)
96: ((2, 4, 7, 1, 6, 8, 0, 9, 3, 5), 749)
Best: ((7, 4, 2, 1, 6, 3, 8, 0, 9, 5), 739)
Runtime: 191.3160162 s