Generations:
0: ((8, 9, 0, 6, 3, 7, 5, 4, 1, 2), 784)
1: ((9, 1, 0, 2, 5, 8, 4, 3, 6, 7), 772)
2: ((9, 1, 0, 2, 5, 8, 4, 3, 6, 7), 772)
3: ((9, 0, 5, 2, 1, 8, 4, 3, 6, 7), 772)
4: ((9, 0, 5, 2, 1, 8, 4, 3, 6, 7), 772)
5: ((9, 0, 5, 2, 1, 8, 4, 3, 6, 7), 768)
6: ((9, 0, 5, 2, 1, 8, 4, 3, 6, 7), 768)
7: ((9, 0, 5, 2, 1, 8, 4, 3, 6, 7), 768)
8: ((9, 0, 5, 2, 1, 8, 4, 3, 6, 7), 768)
9: ((9, 5, 4, 7, 8, 1, 6, 3, 0, 2), 765)
10: ((9, 5, 4, 7, 8, 1, 6, 3, 0, 2), 765)
11: ((9, 5, 4, 7, 8, 1, 6, 3, 0, 2), 765)
12: ((9, 5, 4, 7, 8, 1, 6, 3, 0, 2), 765)
13: ((9, 5, 4, 7, 8, 1, 6, 3, 0, 2), 765)
14: ((9, 5, 4, 7, 8, 1, 6, 3, 0, 2), 765)
15: ((9, 5, 4, 7, 8, 1, 6, 3, 0, 2), 765)
16: ((9, 5, 4, 7, 8, 1, 6, 3, 0, 2), 765)
17: ((9, 5, 4, 7, 8, 1, 6, 3, 0, 2), 765)
18: ((9, 5, 4, 7, 8, 1, 6, 3, 0, 2), 765)
19: ((9, 5, 4, 7, 8, 1, 6, 3, 0, 2), 765)
20: ((9, 5, 4, 7, 8, 1, 6, 3, 0, 2), 765)
21: ((9, 5, 4, 7, 8, 1, 6, 3, 0, 2), 765)
22: ((9, 0, 2, 5, 8, 1, 4, 6, 3, 7), 765)
23: ((9, 0, 1, 5, 7, 2, 3, 6, 4, 8), 768)
24: ((9, 5, 4, 1, 8, 7, 6, 3, 0, 2), 766)
25: ((9, 5, 4, 1, 8, 7, 6, 3, 0, 2), 766)
26: ((9, 5, 4, 1, 8, 7, 6, 3, 0, 2), 766)
27: ((9, 5, 4, 1, 8, 7, 6, 3, 0, 2), 766)
28: ((9, 5, 4, 1, 8, 7, 6, 3, 0, 2), 766)
29: ((9, 5, 4, 1, 8, 7, 6, 3, 0, 2), 766)
30: ((9, 0, 5, 2, 1, 8, 4, 6, 3, 7), 765)
31: ((9, 0, 5, 2, 1, 8, 4, 6, 3, 7), 765)
32: ((9, 0, 5, 2, 1, 8, 4, 6, 3, 7), 765)
33: ((9, 5, 4, 8, 1, 6, 3, 0, 7, 2), 755)
34: ((9, 5, 4, 8, 1, 6, 3, 0, 7, 2), 755)
35: ((9, 5, 4, 8, 1, 6, 3, 0, 7, 2), 755)
36: ((9, 5, 4, 8, 1, 6, 3, 0, 7, 2), 755)
37: ((9, 5, 4, 8, 1, 6, 3, 0, 7, 2), 755)
38: ((9, 5, 4, 8, 1, 6, 3, 0, 7, 2), 755)
39: ((9, 5, 4, 8, 1, 6, 3, 0, 7, 2), 755)
40: ((9, 5, 4, 8, 1, 6, 3, 0, 7, 2), 755)
41: ((9, 5, 4, 8, 1, 6, 3, 0, 7, 2), 755)
42: ((9, 0, 5, 4, 8, 3, 7, 6, 1, 2), 758)
43: ((9, 0, 5, 4, 8, 3, 7, 6, 1, 2), 758)
44: ((9, 0, 5, 4, 8, 6, 3, 1, 7, 2), 759)
45: ((9, 0, 5, 4, 8, 6, 3, 1, 7, 2), 759)
46: ((9, 0, 5, 4, 8, 6, 3, 1, 7, 2), 759)
47: ((9, 0, 5, 4, 8, 6, 3, 1, 7, 2), 759)
48: ((9, 0, 5, 4, 8, 6, 3, 1, 7, 2), 759)
49: ((9, 0, 5, 4, 8, 6, 3, 1, 7, 2), 759)
50: ((9, 0, 5, 4, 8, 6, 3, 1, 7, 2), 759)
51: ((9, 0, 5, 4, 8, 6, 3, 1, 7, 2), 759)
52: ((9, 5, 4, 8, 1, 6, 7, 3, 0, 2), 755)
53: ((9, 5, 4, 8, 1, 6, 7, 3, 0, 2), 755)
54: ((9, 5, 4, 8, 1, 6, 7, 3, 0, 2), 755)
55: ((9, 5, 4, 8, 1, 6, 7, 3, 0, 2), 755)
56: ((9, 5, 4, 8, 1, 6, 7, 3, 0, 2), 755)
57: ((9, 5, 4, 8, 1, 6, 7, 3, 0, 2), 755)
58: ((9, 5, 4, 8, 1, 6, 7, 3, 0, 2), 755)
59: ((9, 5, 4, 8, 1, 6, 7, 3, 0, 2), 755)
60: ((9, 5, 4, 8, 1, 6, 7, 3, 0, 2), 755)
61: ((9, 5, 4, 8, 1, 6, 7, 3, 0, 2), 755)
62: ((9, 5, 4, 8, 1, 6, 7, 3, 0, 2), 755)
63: ((9, 5, 4, 8, 1, 6, 7, 3, 0, 2), 755)
64: ((9, 5, 4, 8, 1, 6, 7, 3, 0, 2), 755)
65: ((9, 5, 4, 8, 1, 6, 7, 3, 0, 2), 755)
66: ((9, 5, 4, 8, 1, 6, 7, 3, 0, 2), 755)
67: ((9, 5, 4, 8, 1, 6, 7, 3, 0, 2), 755)
68: ((9, 5, 4, 8, 1, 6, 7, 3, 0, 2), 755)
69: ((9, 5, 4, 8, 1, 6, 7, 3, 0, 2), 755)
70: ((9, 5, 4, 8, 1, 6, 7, 3, 0, 2), 755)
71: ((9, 5, 4, 8, 1, 6, 7, 3, 0, 2), 755)
72: ((9, 5, 4, 8, 1, 6, 7, 3, 0, 2), 755)
73: ((9, 5, 4, 8, 1, 6, 7, 3, 0, 2), 755)
74: ((9, 5, 4, 8, 1, 6, 7, 3, 0, 2), 755)
75: ((9, 5, 4, 8, 1, 6, 7, 3, 0, 2), 755)
76: ((9, 1, 5, 4, 8, 6, 2, 3, 0, 7), 755)
77: ((9, 1, 5, 4, 8, 6, 2, 3, 0, 7), 755)
78: ((9, 1, 5, 4, 8, 6, 2, 3, 0, 7), 755)
79: ((9, 1, 5, 4, 8, 6, 2, 3, 0, 7), 755)
80: ((9, 1, 5, 4, 8, 6, 2, 3, 0, 7), 755)
81: ((9, 1, 5, 4, 8, 6, 2, 3, 0, 7), 755)
82: ((9, 1, 5, 4, 8, 6, 2, 3, 0, 7), 755)
83: ((9, 1, 5, 4, 8, 6, 2, 3, 0, 7), 755)
84: ((9, 1, 5, 4, 8, 6, 2, 3, 0, 7), 755)
85: ((9, 1, 5, 4, 8, 6, 2, 3, 0, 7), 755)
86: ((9, 1, 5, 4, 8, 6, 2, 3, 0, 7), 755)
87: ((9, 1, 5, 4, 8, 6, 2, 3, 0, 7), 755)
88: ((9, 1, 5, 4, 8, 6, 2, 3, 0, 7), 755)
89: ((9, 1, 5, 4, 8, 6, 2, 3, 0, 7), 755)
90: ((9, 1, 5, 4, 8, 6, 2, 3, 0, 7), 755)
91: ((9, 1, 5, 4, 8, 6, 2, 3, 0, 7), 755)
92: ((9, 1, 5, 4, 8, 6, 2, 3, 0, 7), 755)
93: ((9, 1, 5, 4, 8, 6, 2, 3, 0, 7), 755)
94: ((9, 1, 5, 4, 8, 6, 2, 3, 0, 7), 755)
95: ((9, 1, 5, 4, 8, 6, 2, 3, 0, 7), 755)
96: ((9, 1, 5, 4, 8, 6, 2, 3, 0, 7), 755)
97: ((9, 1, 5, 4, 8, 6, 2, 3, 0, 7), 755)
Best: ((9, 5, 4, 8, 1, 6, 3, 0, 7, 2), 755)
Runtime: 166.5386341 s