Generations:
0: ((7, 5, 9, 8, 3, 2, 1, 0, 4, 6), 785)
1: ((9, 0, 2, 8, 6, 5, 3, 4, 1, 7), 777)
2: ((9, 0, 2, 8, 6, 5, 3, 4, 1, 7), 775)
3: ((9, 6, 7, 4, 1, 3, 0, 5, 2, 8), 782)
4: ((9, 6, 7, 4, 1, 3, 0, 5, 2, 8), 782)
5: ((9, 0, 5, 2, 3, 1, 4, 6, 8, 7), 770)
6: ((9, 0, 5, 2, 3, 1, 4, 6, 8, 7), 770)
7: ((9, 0, 5, 2, 3, 1, 4, 6, 8, 7), 770)
8: ((9, 0, 5, 2, 3, 1, 4, 6, 8, 7), 770)
9: ((9, 0, 2, 8, 5, 1, 4, 6, 3, 7), 769)
10: ((9, 0, 2, 8, 5, 1, 4, 6, 3, 7), 769)
11: ((9, 0, 2, 8, 5, 1, 4, 6, 3, 7), 769)
12: ((9, 0, 2, 8, 5, 1, 4, 6, 3, 7), 769)
13: ((9, 0, 2, 5, 1, 8, 4, 6, 3, 7), 765)
14: ((9, 0, 2, 5, 1, 8, 4, 6, 3, 7), 769)
15: ((9, 0, 2, 5, 1, 8, 4, 6, 3, 7), 769)
16: ((9, 0, 2, 5, 1, 8, 4, 6, 3, 7), 769)
17: ((9, 0, 2, 8, 5, 1, 4, 3, 6, 7), 768)
18: ((9, 0, 2, 8, 5, 1, 4, 3, 6, 7), 768)
19: ((9, 0, 1, 2, 8, 5, 4, 6, 3, 7), 765)
20: ((9, 0, 2, 8, 5, 1, 4, 3, 6, 7), 768)
21: ((9, 0, 2, 8, 5, 7, 3, 4, 6, 1), 762)
22: ((9, 0, 2, 8, 5, 7, 3, 4, 6, 1), 762)
23: ((9, 0, 2, 8, 5, 7, 3, 4, 6, 1), 762)
24: ((9, 0, 2, 8, 5, 7, 3, 4, 6, 1), 762)
25: ((9, 0, 2, 8, 5, 3, 7, 4, 6, 1), 762)
26: ((9, 0, 2, 8, 5, 3, 7, 4, 6, 1), 762)
27: ((9, 0, 2, 8, 5, 3, 7, 4, 6, 1), 762)
28: ((9, 0, 2, 8, 5, 3, 7, 4, 6, 1), 762)
29: ((9, 0, 2, 8, 5, 3, 7, 4, 6, 1), 762)
30: ((9, 0, 2, 8, 5, 3, 7, 4, 6, 1), 762)
31: ((9, 0, 2, 8, 5, 3, 7, 4, 6, 1), 762)
32: ((9, 0, 2, 8, 5, 3, 7, 4, 6, 1), 762)
33: ((9, 0, 2, 8, 5, 3, 7, 4, 6, 1), 762)
34: ((9, 0, 2, 8, 5, 3, 7, 4, 6, 1), 762)
35: ((9, 0, 2, 8, 5, 3, 7, 4, 6, 1), 762)
36: ((9, 0, 2, 8, 5, 3, 7, 4, 6, 1), 762)
37: ((9, 0, 2, 8, 5, 3, 7, 4, 6, 1), 762)
38: ((9, 0, 2, 8, 5, 3, 7, 4, 6, 1), 762)
39: ((9, 0, 2, 8, 5, 3, 7, 4, 6, 1), 762)
40: ((9, 0, 2, 8, 5, 3, 7, 4, 6, 1), 762)
41: ((9, 0, 5, 4, 8, 6, 3, 2, 1, 7), 755)
42: ((9, 0, 5, 4, 8, 6, 3, 2, 1, 7), 755)
43: ((9, 0, 5, 4, 8, 6, 3, 2, 1, 7), 755)
44: ((9, 0, 5, 4, 8, 6, 3, 2, 1, 7), 755)
45: ((9, 0, 5, 4, 8, 6, 3, 2, 1, 7), 755)
46: ((9, 0, 5, 2, 8, 7, 3, 4, 6, 1), 762)
47: ((9, 0, 5, 4, 8, 6, 3, 1, 2, 7), 759)
48: ((9, 0, 5, 4, 8, 6, 3, 1, 2, 7), 759)
49: ((9, 0, 5, 4, 8, 6, 3, 1, 2, 7), 759)
50: ((9, 0, 5, 4, 8, 6, 3, 1, 2, 7), 759)
51: ((9, 0, 5, 4, 8, 6, 3, 1, 2, 7), 759)
52: ((9, 0, 5, 2, 8, 7, 3, 4, 6, 1), 762)
53: ((9, 0, 5, 4, 8, 6, 3, 1, 2, 7), 759)
54: ((9, 0, 5, 4, 8, 6, 3, 1, 2, 7), 759)
55: ((9, 0, 5, 2, 8, 7, 3, 4, 6, 1), 762)
56: ((9, 0, 5, 2, 8, 7, 3, 4, 6, 1), 762)
57: ((9, 0, 5, 2, 8, 7, 3, 4, 6, 1), 762)
58: ((9, 0, 5, 2, 8, 7, 3, 4, 6, 1), 762)
59: ((9, 0, 5, 2, 8, 7, 3, 4, 6, 1), 762)
60: ((9, 0, 5, 2, 8, 7, 3, 4, 6, 1), 762)
61: ((9, 0, 5, 2, 8, 7, 3, 4, 6, 1), 762)
62: ((9, 0, 5, 2, 8, 7, 3, 4, 6, 1), 762)
63: ((9, 0, 5, 4, 8, 6, 3, 2, 1, 7), 755)
64: ((9, 0, 5, 4, 8, 6, 3, 2, 1, 7), 755)
65: ((9, 0, 5, 4, 8, 6, 3, 2, 1, 7), 755)
66: ((9, 0, 5, 4, 7, 8, 6, 3, 1, 2), 755)
67: ((9, 0, 5, 4, 7, 8, 6, 3, 1, 2), 755)
68: ((9, 0, 5, 4, 7, 8, 6, 3, 1, 2), 755)
69: ((9, 0, 5, 4, 7, 8, 6, 3, 1, 2), 755)
70: ((9, 0, 5, 4, 7, 8, 6, 3, 1, 2), 755)
71: ((9, 0, 5, 4, 7, 8, 6, 3, 1, 2), 755)
72: ((9, 0, 5, 4, 7, 8, 6, 3, 1, 2), 759)
73: ((9, 0, 5, 4, 7, 8, 6, 3, 1, 2), 759)
74: ((9, 0, 5, 4, 8, 6, 3, 2, 7, 1), 759)
75: ((9, 0, 5, 4, 8, 6, 3, 2, 7, 1), 759)
76: ((9, 0, 5, 4, 8, 6, 3, 2, 7, 1), 759)
77: ((9, 0, 5, 4, 8, 6, 3, 2, 7, 1), 759)
78: ((9, 0, 5, 4, 8, 2, 6, 3, 1, 7), 759)
79: ((9, 0, 5, 4, 8, 2, 6, 3, 1, 7), 759)
80: ((9, 0, 5, 4, 8, 2, 6, 3, 1, 7), 759)
81: ((9, 0, 5, 4, 8, 2, 6, 3, 1, 7), 759)
82: ((9, 0, 5, 4, 8, 6, 2, 3, 7, 1), 758)
83: ((9, 0, 5, 4, 8, 6, 2, 3, 7, 1), 759)
84: ((9, 0, 5, 4, 8, 6, 2, 3, 7, 1), 759)
85: ((9, 0, 5, 4, 8, 6, 3, 2, 1, 7), 755)
86: ((9, 0, 5, 4, 8, 6, 3, 2, 1, 7), 755)
87: ((9, 0, 5, 4, 8, 6, 3, 2, 1, 7), 755)
88: ((9, 0, 5, 4, 8, 6, 3, 2, 1, 7), 755)
89: ((9, 0, 5, 4, 8, 6, 3, 2, 1, 7), 755)
90: ((9, 0, 5, 4, 8, 2, 6, 3, 1, 7), 759)
91: ((9, 0, 5, 4, 8, 6, 2, 3, 7, 1), 755)
92: ((9, 0, 5, 4, 8, 6, 2, 3, 7, 1), 755)
93: ((9, 0, 5, 4, 8, 6, 2, 3, 7, 1), 755)
94: ((9, 0, 5, 4, 8, 6, 2, 3, 7, 1), 759)
95: ((9, 0, 5, 4, 8, 6, 2, 3, 7, 1), 759)
96: ((9, 0, 5, 4, 8, 2, 7, 3, 6, 1), 758)
97: ((9, 0, 5, 4, 8, 2, 7, 3, 6, 1), 758)
98: ((9, 0, 5, 4, 8, 2, 7, 3, 6, 1), 758)
Best: ((9, 0, 5, 4, 8, 6, 3, 2, 1, 7), 755)
Runtime: 258.9249383 s