Generations:
0: ((9, 5, 8, 0, 7, 4, 1, 3, 2, 6), 785)
1: ((5, 0, 9, 7, 1, 4, 8, 2, 3, 6), 784)
2: ((5, 0, 9, 7, 1, 4, 8, 2, 3, 6), 784)
3: ((9, 0, 1, 5, 2, 7, 6, 8, 4, 3), 769)
4: ((9, 0, 1, 5, 2, 7, 6, 8, 4, 3), 769)
5: ((9, 0, 1, 5, 2, 7, 6, 8, 4, 3), 769)
6: ((9, 0, 1, 5, 2, 7, 6, 8, 4, 3), 769)
7: ((9, 0, 1, 5, 2, 7, 6, 8, 4, 3), 769)
8: ((9, 0, 1, 5, 2, 7, 6, 8, 4, 3), 769)
9: ((9, 0, 1, 5, 2, 7, 6, 8, 4, 3), 769)
10: ((9, 0, 1, 5, 2, 7, 6, 8, 4, 3), 769)
11: ((9, 0, 1, 5, 2, 7, 6, 8, 4, 3), 769)
12: ((9, 0, 1, 5, 2, 7, 6, 8, 4, 3), 769)
13: ((9, 0, 5, 7, 2, 1, 6, 8, 4, 3), 765)
14: ((9, 0, 5, 7, 2, 1, 6, 8, 4, 3), 769)
15: ((9, 0, 5, 7, 2, 1, 6, 8, 4, 3), 769)
16: ((9, 0, 5, 4, 8, 6, 1, 3, 2, 7), 762)
17: ((9, 0, 5, 4, 8, 6, 1, 3, 2, 7), 762)
18: ((9, 0, 5, 4, 8, 6, 1, 3, 2, 7), 762)
19: ((9, 0, 5, 4, 8, 6, 1, 3, 2, 7), 762)
20: ((9, 0, 5, 4, 8, 6, 1, 3, 2, 7), 762)
21: ((9, 0, 5, 4, 8, 6, 1, 3, 2, 7), 762)
22: ((9, 0, 5, 4, 8, 6, 1, 3, 2, 7), 762)
23: ((9, 0, 5, 4, 8, 6, 1, 3, 2, 7), 762)
24: ((9, 0, 5, 4, 8, 6, 1, 3, 2, 7), 762)
25: ((9, 0, 5, 4, 8, 6, 1, 3, 2, 7), 762)
26: ((9, 0, 5, 4, 8, 6, 1, 3, 2, 7), 759)
27: ((9, 5, 7, 4, 8, 6, 1, 3, 2, 0), 755)
28: ((9, 5, 7, 4, 8, 6, 1, 3, 2, 0), 755)
29: ((9, 5, 7, 4, 8, 6, 1, 3, 2, 0), 755)
30: ((9, 5, 7, 4, 8, 6, 1, 3, 2, 0), 755)
31: ((9, 5, 7, 4, 8, 6, 1, 3, 2, 0), 755)
32: ((9, 5, 7, 4, 8, 6, 1, 3, 2, 0), 755)
33: ((9, 5, 7, 4, 8, 6, 1, 3, 2, 0), 755)
34: ((9, 5, 7, 4, 8, 6, 1, 3, 2, 0), 755)
35: ((9, 5, 7, 4, 8, 6, 1, 3, 2, 0), 755)
36: ((9, 5, 7, 4, 8, 6, 1, 3, 2, 0), 755)
37: ((9, 5, 7, 4, 8, 6, 1, 3, 2, 0), 755)
38: ((9, 5, 7, 4, 8, 6, 1, 3, 2, 0), 755)
39: ((9, 5, 7, 4, 8, 6, 1, 3, 2, 0), 755)
40: ((9, 5, 7, 4, 8, 6, 1, 3, 2, 0), 755)
41: ((9, 5, 7, 4, 8, 6, 1, 3, 2, 0), 755)
42: ((9, 5, 7, 4, 8, 6, 1, 3, 2, 0), 755)
43: ((9, 5, 7, 4, 8, 6, 1, 3, 2, 0), 755)
44: ((9, 5, 7, 4, 8, 6, 1, 3, 2, 0), 755)
45: ((9, 5, 7, 4, 8, 6, 1, 3, 2, 0), 755)
46: ((9, 5, 7, 4, 8, 6, 1, 3, 2, 0), 755)
47: ((9, 5, 7, 4, 8, 6, 1, 3, 2, 0), 755)
48: ((9, 5, 7, 4, 8, 6, 1, 3, 2, 0), 755)
49: ((9, 0, 5, 4, 8, 6, 1, 7, 2, 3), 759)
50: ((9, 0, 5, 4, 8, 6, 1, 7, 2, 3), 759)
51: ((9, 0, 5, 4, 8, 6, 1, 7, 2, 3), 759)
52: ((9, 0, 5, 4, 8, 6, 1, 7, 2, 3), 759)
53: ((9, 0, 5, 4, 8, 6, 1, 7, 2, 3), 759)
54: ((9, 0, 5, 4, 8, 6, 1, 7, 2, 3), 759)
55: ((9, 0, 5, 4, 8, 6, 1, 7, 2, 3), 759)
56: ((9, 0, 5, 4, 8, 6, 1, 7, 2, 3), 759)
57: ((9, 0, 5, 4, 8, 6, 1, 7, 2, 3), 759)
58: ((9, 0, 5, 4, 8, 6, 1, 7, 2, 3), 759)
59: ((9, 5, 7, 4, 8, 6, 1, 3, 2, 0), 755)
60: ((9, 5, 7, 4, 8, 6, 1, 3, 2, 0), 755)
61: ((9, 5, 7, 4, 8, 6, 1, 3, 2, 0), 755)
62: ((9, 5, 7, 4, 8, 6, 1, 3, 2, 0), 755)
63: ((9, 5, 7, 4, 8, 6, 1, 3, 2, 0), 755)
64: ((9, 5, 7, 4, 8, 6, 1, 3, 2, 0), 755)
65: ((9, 5, 7, 4, 8, 6, 1, 3, 2, 0), 755)
66: ((9, 5, 7, 4, 8, 6, 1, 3, 2, 0), 755)
67: ((9, 5, 7, 4, 8, 6, 1, 3, 2, 0), 755)
68: ((9, 5, 7, 4, 8, 6, 1, 3, 2, 0), 755)
69: ((9, 5, 7, 4, 8, 6, 1, 3, 2, 0), 755)
70: ((9, 5, 7, 4, 8, 6, 1, 3, 2, 0), 755)
71: ((9, 5, 7, 4, 8, 6, 1, 3, 2, 0), 755)
72: ((9, 5, 7, 4, 8, 6, 1, 3, 2, 0), 755)
73: ((9, 5, 7, 4, 8, 6, 1, 3, 2, 0), 755)
74: ((9, 5, 7, 4, 8, 6, 1, 3, 2, 0), 755)
75: ((9, 5, 7, 4, 8, 6, 1, 3, 2, 0), 755)
76: ((9, 5, 7, 4, 8, 6, 1, 3, 2, 0), 755)
77: ((9, 5, 7, 4, 8, 6, 1, 3, 2, 0), 755)
78: ((9, 5, 7, 4, 8, 6, 1, 3, 2, 0), 755)
79: ((9, 5, 4, 1, 8, 6, 3, 7, 2, 0), 755)
80: ((9, 5, 7, 4, 8, 1, 6, 3, 2, 0), 755)
81: ((9, 5, 7, 4, 8, 1, 6, 3, 2, 0), 755)
82: ((9, 5, 7, 4, 8, 1, 6, 3, 2, 0), 755)
83: ((9, 5, 7, 4, 8, 1, 6, 3, 2, 0), 755)
84: ((9, 5, 7, 4, 8, 1, 6, 3, 2, 0), 755)
85: ((9, 5, 7, 4, 8, 1, 6, 3, 2, 0), 755)
86: ((9, 5, 7, 4, 8, 1, 6, 3, 2, 0), 755)
87: ((9, 5, 7, 4, 8, 1, 6, 3, 2, 0), 755)
88: ((9, 5, 7, 4, 8, 1, 6, 3, 2, 0), 755)
89: ((9, 5, 7, 4, 8, 1, 6, 3, 2, 0), 755)
90: ((9, 5, 7, 4, 8, 1, 6, 3, 2, 0), 755)
91: ((9, 5, 7, 4, 8, 1, 6, 3, 2, 0), 755)
92: ((9, 5, 4, 8, 6, 3, 0, 1, 2, 7), 755)
93: ((5, 9, 4, 8, 1, 7, 6, 3, 2, 0), 755)
94: ((5, 9, 4, 8, 1, 7, 6, 3, 2, 0), 755)
95: ((5, 9, 4, 8, 1, 7, 6, 3, 2, 0), 755)
96: ((5, 9, 4, 8, 1, 7, 6, 3, 2, 0), 755)
97: ((5, 9, 4, 8, 1, 7, 6, 3, 2, 0), 755)
Best: ((9, 5, 7, 4, 8, 6, 1, 3, 2, 0), 755)
Runtime: 234.5303512 s