Generations:
0: ((9, 0, 6, 2, 5, 8, 4, 3, 1, 7), 786)
1: ((9, 0, 6, 5, 1, 3, 8, 7, 4, 2), 785)
2: ((5, 9, 8, 3, 0, 7, 6, 2, 4, 1), 784)
3: ((9, 6, 0, 5, 1, 3, 8, 7, 4, 2), 775)
4: ((9, 6, 0, 5, 1, 3, 8, 7, 4, 2), 775)
5: ((9, 6, 0, 5, 1, 3, 8, 7, 4, 2), 775)
6: ((9, 5, 1, 8, 7, 4, 0, 3, 6, 2), 782)
7: ((9, 8, 0, 5, 3, 6, 4, 2, 7, 1), 776)
8: ((9, 8, 0, 5, 3, 6, 4, 2, 7, 1), 771)
9: ((9, 8, 0, 5, 3, 6, 4, 2, 7, 1), 771)
10: ((9, 8, 0, 5, 3, 6, 4, 2, 7, 1), 771)
11: ((9, 5, 4, 7, 1, 8, 6, 3, 0, 2), 766)
12: ((9, 5, 4, 7, 1, 8, 6, 3, 0, 2), 766)
13: ((9, 5, 4, 7, 1, 8, 6, 3, 0, 2), 766)
14: ((9, 5, 4, 7, 1, 8, 6, 3, 0, 2), 766)
15: ((9, 5, 4, 7, 1, 8, 6, 3, 0, 2), 766)
16: ((9, 8, 0, 5, 3, 6, 4, 2, 7, 1), 771)
17: ((9, 5, 1, 0, 7, 4, 8, 3, 6, 2), 772)
18: ((9, 5, 1, 0, 7, 4, 8, 3, 6, 2), 772)
19: ((9, 5, 1, 0, 7, 4, 8, 3, 6, 2), 772)
20: ((9, 5, 1, 0, 7, 4, 8, 3, 6, 2), 772)
21: ((9, 5, 1, 0, 7, 4, 8, 3, 6, 2), 772)
22: ((9, 5, 1, 0, 7, 4, 8, 3, 6, 2), 772)
23: ((9, 5, 1, 0, 7, 4, 8, 3, 6, 2), 772)
24: ((9, 5, 1, 0, 7, 4, 8, 3, 6, 2), 772)
25: ((9, 5, 1, 0, 7, 4, 8, 3, 6, 2), 772)
26: ((5, 9, 7, 4, 8, 6, 0, 3, 1, 2), 771)
27: ((5, 9, 7, 4, 8, 6, 0, 3, 1, 2), 771)
28: ((5, 9, 7, 4, 8, 6, 0, 3, 1, 2), 771)
29: ((5, 9, 7, 4, 8, 6, 0, 3, 1, 2), 771)
30: ((5, 9, 7, 4, 8, 6, 0, 3, 1, 2), 771)
31: ((9, 5, 1, 4, 8, 6, 7, 3, 2, 0), 766)
32: ((9, 5, 1, 4, 8, 6, 7, 3, 2, 0), 766)
33: ((9, 5, 1, 4, 8, 6, 7, 3, 2, 0), 766)
34: ((9, 5, 1, 4, 8, 6, 7, 3, 2, 0), 766)
35: ((9, 5, 1, 4, 8, 6, 7, 3, 2, 0), 766)
36: ((9, 5, 1, 4, 8, 6, 7, 3, 2, 0), 766)
37: ((9, 5, 1, 4, 8, 6, 7, 3, 2, 0), 766)
38: ((9, 5, 1, 4, 8, 6, 7, 3, 2, 0), 766)
39: ((9, 5, 1, 4, 8, 6, 7, 3, 2, 0), 766)
40: ((9, 5, 1, 4, 8, 6, 7, 3, 2, 0), 766)
41: ((5, 9, 4, 8, 6, 1, 3, 2, 7, 0), 766)
42: ((5, 9, 4, 8, 6, 1, 3, 2, 7, 0), 766)
43: ((5, 9, 4, 8, 6, 1, 3, 2, 7, 0), 766)
44: ((5, 9, 4, 8, 6, 1, 3, 2, 7, 0), 766)
45: ((5, 9, 4, 8, 6, 1, 3, 2, 7, 0), 766)
46: ((5, 9, 4, 8, 6, 1, 3, 2, 7, 0), 766)
47: ((5, 9, 4, 8, 6, 1, 3, 2, 7, 0), 766)
48: ((5, 9, 4, 8, 6, 1, 3, 2, 7, 0), 765)
49: ((5, 9, 4, 8, 6, 1, 3, 2, 7, 0), 765)
50: ((5, 9, 4, 1, 8, 3, 6, 7, 2, 0), 765)
51: ((5, 9, 4, 1, 8, 3, 6, 7, 2, 0), 765)
52: ((5, 9, 4, 1, 8, 3, 6, 7, 2, 0), 765)
53: ((5, 9, 4, 1, 8, 3, 6, 7, 2, 0), 765)
54: ((5, 9, 4, 1, 8, 3, 6, 7, 2, 0), 765)
55: ((5, 9, 4, 8, 7, 6, 3, 2, 1, 0), 760)
56: ((5, 9, 4, 8, 7, 6, 3, 2, 1, 0), 760)
57: ((5, 9, 4, 8, 7, 6, 3, 2, 1, 0), 760)
58: ((5, 9, 4, 8, 7, 6, 3, 2, 1, 0), 755)
59: ((5, 9, 4, 8, 7, 6, 3, 2, 1, 0), 755)
60: ((5, 9, 4, 8, 7, 6, 3, 2, 1, 0), 755)
61: ((5, 9, 4, 8, 7, 6, 3, 2, 1, 0), 755)
62: ((5, 9, 4, 8, 7, 6, 3, 2, 1, 0), 755)
63: ((5, 9, 4, 8, 7, 6, 3, 2, 1, 0), 755)
64: ((5, 9, 4, 8, 7, 6, 3, 2, 1, 0), 755)
65: ((5, 9, 4, 8, 7, 6, 3, 2, 1, 0), 755)
66: ((5, 9, 4, 8, 7, 6, 3, 2, 1, 0), 755)
67: ((5, 9, 4, 8, 7, 6, 3, 2, 1, 0), 755)
68: ((5, 9, 4, 8, 7, 6, 3, 2, 1, 0), 755)
69: ((5, 9, 4, 8, 7, 6, 3, 2, 1, 0), 755)
70: ((5, 9, 4, 8, 7, 6, 3, 2, 1, 0), 755)
71: ((5, 9, 4, 8, 6, 1, 2, 3, 7, 0), 766)
72: ((5, 9, 4, 8, 6, 1, 2, 3, 7, 0), 766)
73: ((5, 9, 4, 8, 6, 1, 2, 3, 7, 0), 766)
74: ((5, 9, 4, 8, 6, 1, 2, 3, 7, 0), 766)
75: ((5, 9, 4, 8, 6, 1, 2, 3, 7, 0), 766)
76: ((5, 9, 4, 8, 6, 1, 2, 3, 7, 0), 766)
77: ((5, 9, 4, 8, 6, 1, 2, 3, 7, 0), 766)
78: ((9, 0, 5, 4, 2, 8, 6, 7, 3, 1), 759)
79: ((9, 0, 5, 4, 2, 8, 6, 7, 3, 1), 759)
80: ((9, 0, 5, 4, 2, 8, 6, 7, 3, 1), 759)
81: ((9, 0, 5, 4, 2, 8, 6, 7, 3, 1), 759)
82: ((9, 0, 5, 4, 2, 8, 6, 7, 3, 1), 759)
83: ((5, 9, 4, 8, 7, 6, 3, 2, 1, 0), 755)
84: ((5, 9, 4, 8, 7, 6, 3, 2, 1, 0), 755)
85: ((5, 9, 4, 8, 7, 6, 3, 1, 2, 0), 755)
86: ((5, 9, 4, 8, 7, 6, 3, 1, 2, 0), 755)
87: ((5, 9, 4, 8, 7, 6, 3, 1, 2, 0), 755)
88: ((5, 9, 4, 8, 7, 6, 3, 1, 2, 0), 755)
89: ((5, 9, 4, 8, 7, 6, 3, 1, 2, 0), 755)
90: ((5, 9, 4, 8, 7, 6, 3, 1, 2, 0), 755)
91: ((5, 9, 4, 8, 7, 6, 3, 1, 2, 0), 755)
92: ((5, 9, 4, 8, 7, 6, 3, 1, 2, 0), 755)
93: ((5, 9, 4, 8, 7, 6, 3, 1, 2, 0), 755)
94: ((5, 9, 4, 8, 7, 6, 3, 1, 2, 0), 755)
95: ((5, 9, 4, 8, 7, 6, 3, 1, 2, 0), 755)
96: ((5, 9, 4, 8, 7, 6, 3, 1, 2, 0), 755)
Best: ((5, 9, 4, 8, 7, 6, 3, 2, 1, 0), 755)
Runtime: 176.1615717 s