Generations:
0: ((9, 0, 6, 4, 8, 5, 3, 1, 7, 2), 770)
1: ((9, 0, 6, 4, 8, 5, 3, 1, 7, 2), 770)
2: ((9, 0, 6, 4, 8, 5, 3, 1, 7, 2), 784)
3: ((9, 0, 6, 4, 8, 5, 3, 1, 7, 2), 784)
4: ((8, 9, 7, 5, 3, 6, 4, 0, 2, 1), 769)
5: ((8, 9, 7, 5, 3, 6, 4, 0, 2, 1), 769)
6: ((8, 9, 7, 5, 3, 6, 4, 0, 2, 1), 769)
7: ((8, 9, 7, 5, 3, 6, 4, 0, 2, 1), 769)
8: ((8, 9, 7, 5, 3, 6, 4, 0, 2, 1), 769)
9: ((8, 9, 7, 5, 3, 6, 4, 0, 2, 1), 769)
10: ((8, 9, 7, 5, 3, 6, 4, 0, 2, 1), 769)
11: ((9, 0, 5, 8, 4, 3, 6, 7, 2, 1), 776)
12: ((9, 0, 2, 5, 3, 4, 7, 8, 1, 6), 774)
13: ((9, 0, 2, 5, 3, 4, 8, 7, 1, 6), 765)
14: ((9, 0, 2, 5, 3, 4, 8, 7, 1, 6), 765)
15: ((9, 0, 2, 5, 3, 4, 8, 7, 1, 6), 765)
16: ((9, 0, 2, 5, 3, 4, 8, 7, 1, 6), 765)
17: ((9, 0, 2, 5, 3, 4, 8, 7, 1, 6), 765)
18: ((9, 0, 2, 5, 3, 4, 8, 7, 1, 6), 765)
19: ((9, 0, 2, 5, 3, 4, 8, 7, 1, 6), 765)
20: ((9, 0, 2, 5, 3, 4, 7, 8, 1, 6), 765)
21: ((9, 0, 2, 5, 3, 4, 7, 8, 1, 6), 765)
22: ((9, 0, 2, 5, 3, 4, 7, 8, 1, 6), 765)
23: ((9, 0, 2, 5, 3, 4, 7, 8, 1, 6), 765)
24: ((9, 0, 2, 5, 3, 4, 7, 8, 1, 6), 765)
25: ((9, 0, 2, 5, 3, 4, 7, 8, 1, 6), 765)
26: ((9, 0, 2, 5, 3, 4, 7, 8, 1, 6), 765)
27: ((9, 0, 2, 5, 3, 4, 7, 8, 1, 6), 765)
28: ((9, 0, 2, 5, 3, 4, 7, 8, 1, 6), 765)
29: ((9, 0, 2, 5, 3, 4, 7, 8, 1, 6), 765)
30: ((9, 0, 2, 5, 3, 4, 7, 8, 1, 6), 765)
31: ((9, 0, 2, 5, 3, 4, 7, 8, 1, 6), 765)
32: ((9, 0, 2, 5, 3, 4, 7, 8, 1, 6), 765)
33: ((9, 0, 2, 5, 3, 4, 7, 8, 1, 6), 765)
34: ((9, 0, 2, 5, 3, 4, 7, 8, 1, 6), 765)
35: ((9, 0, 2, 5, 3, 4, 7, 8, 1, 6), 765)
36: ((9, 0, 2, 5, 3, 4, 7, 8, 1, 6), 765)
37: ((9, 0, 2, 5, 3, 4, 7, 8, 1, 6), 765)
38: ((9, 0, 2, 5, 3, 4, 7, 8, 1, 6), 765)
39: ((9, 0, 5, 4, 8, 6, 2, 7, 3, 1), 759)
40: ((9, 0, 5, 4, 8, 6, 2, 7, 3, 1), 759)
41: ((9, 0, 5, 4, 8, 6, 2, 7, 3, 1), 759)
42: ((9, 0, 5, 4, 8, 6, 7, 3, 2, 1), 758)
43: ((9, 0, 5, 4, 8, 6, 7, 3, 2, 1), 758)
44: ((9, 0, 5, 4, 8, 6, 7, 3, 2, 1), 758)
45: ((9, 0, 5, 4, 8, 6, 7, 3, 2, 1), 758)
46: ((9, 0, 5, 4, 8, 6, 7, 3, 2, 1), 758)
47: ((9, 0, 5, 4, 8, 6, 2, 7, 3, 1), 759)
48: ((9, 0, 5, 4, 8, 6, 2, 7, 3, 1), 759)
49: ((9, 0, 5, 4, 8, 6, 2, 7, 3, 1), 759)
50: ((9, 0, 5, 4, 8, 6, 2, 7, 3, 1), 759)
51: ((9, 0, 5, 4, 8, 6, 2, 7, 3, 1), 759)
52: ((9, 0, 5, 4, 8, 6, 2, 7, 3, 1), 759)
53: ((9, 0, 5, 4, 8, 6, 2, 7, 3, 1), 759)
54: ((5, 9, 4, 8, 6, 7, 3, 2, 1, 0), 755)
55: ((5, 9, 4, 8, 6, 7, 3, 2, 1, 0), 755)
56: ((5, 9, 4, 8, 6, 7, 3, 2, 1, 0), 755)
57: ((5, 9, 4, 8, 6, 7, 3, 2, 1, 0), 755)
58: ((9, 0, 5, 4, 7, 8, 2, 6, 3, 1), 755)
59: ((9, 0, 5, 4, 7, 8, 2, 6, 3, 1), 755)
60: ((9, 0, 5, 4, 7, 8, 2, 6, 3, 1), 755)
61: ((9, 0, 5, 4, 7, 8, 2, 6, 3, 1), 755)
62: ((9, 0, 5, 4, 7, 8, 2, 6, 3, 1), 755)
63: ((9, 0, 5, 4, 7, 8, 2, 6, 3, 1), 755)
64: ((9, 0, 5, 4, 7, 8, 2, 6, 3, 1), 755)
65: ((5, 9, 4, 8, 6, 7, 2, 3, 1, 0), 755)
66: ((5, 9, 4, 8, 6, 7, 2, 3, 1, 0), 755)
67: ((5, 9, 4, 8, 6, 7, 2, 3, 1, 0), 755)
68: ((5, 9, 4, 8, 6, 7, 2, 3, 1, 0), 755)
69: ((5, 9, 4, 8, 1, 7, 6, 2, 3, 0), 755)
70: ((5, 9, 4, 8, 1, 7, 6, 2, 3, 0), 755)
71: ((5, 9, 4, 8, 1, 7, 6, 2, 3, 0), 755)
72: ((5, 9, 4, 8, 1, 7, 6, 2, 3, 0), 755)
73: ((5, 9, 4, 8, 1, 7, 6, 2, 3, 0), 755)
74: ((5, 9, 4, 8, 1, 7, 6, 2, 3, 0), 755)
75: ((5, 9, 4, 8, 1, 7, 6, 2, 3, 0), 755)
76: ((5, 9, 1, 4, 8, 6, 7, 3, 2, 0), 755)
77: ((5, 9, 1, 4, 8, 6, 7, 3, 2, 0), 755)
78: ((9, 0, 5, 4, 7, 8, 6, 3, 2, 1), 762)
79: ((9, 0, 5, 4, 7, 8, 6, 3, 2, 1), 762)
80: ((9, 0, 5, 4, 7, 8, 6, 3, 2, 1), 762)
81: ((5, 9, 1, 4, 8, 6, 7, 3, 2, 0), 755)
82: ((9, 5, 4, 8, 1, 6, 3, 2, 7, 0), 755)
83: ((9, 5, 4, 8, 1, 6, 3, 2, 7, 0), 755)
84: ((9, 5, 4, 8, 1, 6, 3, 2, 7, 0), 755)
85: ((9, 5, 4, 8, 1, 6, 3, 2, 7, 0), 755)
86: ((9, 5, 4, 8, 1, 6, 3, 2, 7, 0), 755)
87: ((9, 5, 4, 8, 1, 6, 3, 2, 7, 0), 755)
88: ((9, 5, 4, 8, 1, 6, 3, 2, 7, 0), 755)
89: ((9, 5, 4, 8, 1, 6, 3, 2, 7, 0), 755)
90: ((9, 5, 4, 8, 1, 6, 3, 2, 7, 0), 755)
91: ((9, 5, 4, 8, 1, 6, 3, 2, 7, 0), 755)
92: ((9, 5, 4, 8, 1, 6, 3, 2, 7, 0), 755)
93: ((9, 5, 4, 8, 1, 6, 3, 2, 7, 0), 755)
94: ((9, 5, 4, 8, 1, 6, 3, 2, 7, 0), 755)
95: ((9, 5, 4, 8, 1, 6, 3, 2, 7, 0), 755)
96: ((9, 5, 4, 8, 1, 6, 3, 2, 7, 0), 755)
97: ((9, 5, 4, 8, 1, 6, 3, 2, 7, 0), 755)
Best: ((5, 9, 4, 8, 6, 7, 3, 2, 1, 0), 755)
Runtime: 210.6583112 s