Generations:
0: ((0, 7, 4, 2, 5, 9, 8, 6, 1, 3), 726)
1: ((6, 1, 0, 4, 8, 7, 5, 3, 2, 9), 700)
2: ((6, 1, 0, 4, 8, 7, 5, 3, 2, 9), 700)
3: ((6, 1, 0, 4, 8, 7, 5, 3, 2, 9), 700)
4: ((6, 1, 0, 4, 8, 7, 5, 3, 2, 9), 700)
5: ((6, 1, 0, 4, 8, 7, 5, 3, 2, 9), 700)
6: ((6, 1, 0, 4, 8, 7, 5, 3, 2, 9), 700)
7: ((6, 1, 0, 4, 8, 7, 5, 3, 2, 9), 700)
8: ((6, 1, 0, 4, 8, 7, 5, 3, 2, 9), 700)
9: ((6, 1, 0, 4, 8, 7, 5, 3, 2, 9), 700)
10: ((6, 1, 0, 4, 8, 7, 5, 3, 2, 9), 700)
11: ((6, 1, 0, 4, 8, 7, 5, 3, 2, 9), 700)
12: ((6, 1, 0, 4, 8, 7, 5, 3, 2, 9), 700)
13: ((6, 1, 0, 4, 8, 7, 5, 3, 2, 9), 700)
14: ((6, 1, 0, 4, 8, 7, 5, 3, 2, 9), 700)
15: ((6, 1, 0, 4, 8, 7, 5, 3, 2, 9), 700)
16: ((6, 1, 0, 4, 8, 7, 5, 3, 2, 9), 700)
17: ((9, 7, 1, 2, 4, 6, 8, 3, 5, 0), 698)
18: ((9, 7, 1, 2, 4, 6, 8, 3, 5, 0), 698)
19: ((9, 7, 1, 2, 4, 6, 8, 3, 5, 0), 698)
20: ((9, 7, 1, 2, 4, 6, 8, 3, 5, 0), 698)
21: ((9, 7, 1, 2, 4, 6, 8, 3, 5, 0), 698)
22: ((9, 7, 1, 2, 4, 6, 8, 3, 5, 0), 698)
23: ((6, 1, 0, 4, 8, 7, 5, 3, 2, 9), 700)
24: ((6, 1, 0, 4, 8, 7, 5, 3, 2, 9), 700)
25: ((6, 1, 0, 4, 8, 7, 5, 3, 2, 9), 700)
26: ((6, 1, 0, 4, 8, 7, 5, 3, 2, 9), 700)
27: ((6, 1, 0, 4, 8, 7, 5, 3, 2, 9), 700)
28: ((6, 1, 0, 4, 8, 7, 5, 3, 2, 9), 700)
29: ((6, 1, 0, 4, 8, 7, 5, 3, 2, 9), 700)
30: ((7, 9, 1, 2, 8, 6, 4, 5, 3, 0), 700)
31: ((7, 9, 1, 2, 8, 6, 4, 5, 3, 0), 700)
32: ((1, 3, 0, 6, 4, 8, 5, 9, 2, 7), 697)
33: ((1, 3, 0, 6, 4, 8, 5, 9, 2, 7), 697)
34: ((1, 3, 0, 6, 4, 8, 5, 9, 2, 7), 697)
35: ((0, 6, 1, 2, 4, 8, 7, 5, 9, 3), 695)
36: ((0, 6, 1, 2, 4, 8, 7, 5, 9, 3), 695)
37: ((0, 6, 1, 2, 4, 8, 7, 5, 9, 3), 695)
38: ((0, 6, 1, 2, 4, 8, 7, 5, 9, 3), 695)
39: ((0, 6, 1, 2, 4, 8, 7, 5, 9, 3), 695)
40: ((6, 1, 2, 4, 8, 5, 0, 7, 9, 3), 693)
41: ((6, 1, 2, 4, 8, 5, 0, 7, 9, 3), 693)
42: ((6, 1, 2, 4, 8, 5, 0, 7, 9, 3), 693)
43: ((6, 1, 2, 4, 8, 5, 0, 7, 9, 3), 693)
44: ((1, 3, 0, 6, 4, 8, 5, 9, 2, 7), 697)
45: ((1, 3, 0, 6, 4, 8, 5, 9, 2, 7), 697)
46: ((1, 3, 0, 6, 4, 8, 5, 9, 2, 7), 697)
47: ((1, 3, 0, 6, 4, 8, 5, 9, 2, 7), 697)
48: ((1, 3, 0, 6, 4, 8, 5, 9, 2, 7), 697)
49: ((1, 3, 0, 6, 4, 8, 5, 9, 2, 7), 697)
50: ((1, 3, 0, 6, 4, 8, 5, 9, 2, 7), 697)
51: ((1, 3, 0, 6, 4, 8, 5, 9, 2, 7), 697)
52: ((1, 3, 0, 6, 4, 8, 5, 9, 2, 7), 697)
53: ((1, 3, 0, 6, 4, 8, 5, 9, 2, 7), 697)
54: ((1, 3, 0, 6, 4, 8, 5, 9, 2, 7), 697)
55: ((1, 3, 0, 6, 4, 8, 5, 9, 2, 7), 697)
56: ((1, 3, 0, 6, 4, 8, 5, 9, 2, 7), 697)
57: ((1, 3, 0, 6, 4, 8, 5, 9, 2, 7), 697)
58: ((1, 3, 0, 6, 4, 8, 5, 9, 2, 7), 697)
59: ((1, 3, 0, 6, 4, 8, 5, 9, 2, 7), 697)
60: ((1, 3, 0, 6, 4, 8, 5, 9, 2, 7), 697)
61: ((1, 3, 0, 6, 4, 8, 5, 9, 2, 7), 697)
62: ((1, 3, 0, 6, 4, 8, 5, 9, 2, 7), 697)
63: ((1, 3, 0, 6, 4, 8, 5, 9, 2, 7), 697)
64: ((9, 7, 1, 6, 2, 8, 4, 5, 0, 3), 698)
65: ((9, 7, 1, 6, 2, 4, 5, 8, 0, 3), 698)
66: ((7, 9, 1, 2, 4, 5, 6, 8, 3, 0), 699)
67: ((3, 0, 1, 6, 4, 8, 7, 5, 2, 9), 701)
68: ((3, 0, 1, 6, 4, 8, 7, 5, 2, 9), 701)
69: ((3, 0, 1, 6, 4, 8, 7, 5, 2, 9), 701)
70: ((6, 1, 0, 4, 8, 5, 3, 9, 2, 7), 703)
71: ((6, 1, 0, 4, 8, 5, 3, 9, 2, 7), 703)
72: ((9, 7, 1, 2, 4, 6, 8, 5, 0, 3), 701)
73: ((7, 9, 1, 2, 6, 4, 5, 3, 8, 0), 697)
74: ((7, 9, 1, 2, 6, 4, 5, 3, 8, 0), 697)
75: ((9, 7, 1, 2, 6, 4, 5, 8, 0, 3), 701)
76: ((9, 7, 1, 6, 2, 4, 5, 3, 8, 0), 699)
77: ((9, 7, 1, 6, 2, 4, 5, 3, 8, 0), 699)
78: ((9, 7, 1, 6, 2, 4, 5, 3, 8, 0), 699)
79: ((9, 7, 1, 6, 2, 4, 5, 3, 8, 0), 699)
80: ((9, 7, 1, 6, 2, 4, 5, 3, 8, 0), 699)
81: ((9, 7, 1, 6, 2, 4, 5, 3, 8, 0), 699)
82: ((9, 7, 1, 6, 2, 4, 5, 3, 8, 0), 699)
83: ((9, 7, 1, 6, 2, 4, 5, 3, 8, 0), 699)
84: ((7, 9, 1, 2, 6, 4, 8, 3, 5, 0), 699)
85: ((7, 9, 1, 2, 6, 4, 8, 3, 5, 0), 699)
86: ((9, 7, 1, 2, 6, 4, 8, 3, 5, 0), 701)
87: ((7, 9, 1, 6, 2, 8, 4, 3, 0, 5), 698)
88: ((7, 9, 1, 6, 2, 8, 4, 3, 0, 5), 698)
89: ((7, 9, 1, 6, 2, 8, 4, 3, 0, 5), 698)
90: ((7, 9, 1, 6, 2, 8, 4, 3, 0, 5), 698)
91: ((7, 3, 9, 1, 6, 2, 8, 4, 5, 0), 698)
92: ((7, 3, 9, 1, 6, 2, 8, 4, 5, 0), 698)
93: ((7, 3, 9, 1, 6, 2, 8, 4, 5, 0), 698)
94: ((7, 3, 9, 1, 6, 2, 8, 4, 5, 0), 698)
95: ((7, 3, 9, 1, 6, 2, 8, 4, 5, 0), 698)
96: ((7, 9, 1, 6, 2, 4, 5, 8, 0, 3), 701)
97: ((7, 9, 1, 6, 2, 4, 5, 8, 0, 3), 701)
Best: ((6, 1, 2, 4, 8, 5, 0, 7, 9, 3), 693)
Runtime: 255.7074601 s