Generations:
0: ((1, 0, 7, 4, 8, 5, 6, 2, 9, 3), 722)
1: ((1, 0, 4, 6, 3, 5, 7, 2, 9, 8), 718)
2: ((3, 7, 1, 6, 2, 4, 8, 9, 0, 5), 709)
3: ((7, 4, 0, 2, 8, 5, 3, 9, 6, 1), 715)
4: ((9, 7, 3, 1, 6, 2, 4, 8, 5, 0), 706)
5: ((9, 7, 3, 1, 6, 2, 4, 8, 5, 0), 706)
6: ((9, 7, 3, 1, 6, 2, 4, 8, 5, 0), 706)
7: ((9, 7, 3, 1, 6, 2, 4, 8, 5, 0), 706)
8: ((7, 3, 9, 2, 4, 8, 1, 6, 5, 0), 701)
9: ((7, 3, 9, 2, 4, 8, 1, 6, 5, 0), 701)
10: ((7, 3, 9, 2, 4, 8, 1, 6, 5, 0), 701)
11: ((7, 3, 9, 2, 4, 8, 1, 6, 5, 0), 701)
12: ((7, 3, 9, 2, 4, 8, 1, 6, 5, 0), 701)
13: ((7, 3, 9, 2, 4, 8, 1, 6, 5, 0), 701)
14: ((7, 3, 9, 2, 4, 8, 1, 6, 5, 0), 701)
15: ((7, 3, 9, 2, 4, 8, 1, 6, 5, 0), 701)
16: ((7, 3, 9, 2, 4, 8, 1, 6, 5, 0), 701)
17: ((7, 3, 9, 2, 4, 8, 1, 6, 5, 0), 701)
18: ((3, 9, 7, 1, 6, 2, 8, 4, 5, 0), 700)
19: ((3, 9, 7, 1, 6, 2, 8, 4, 5, 0), 700)
20: ((7, 9, 1, 6, 2, 4, 8, 5, 0, 3), 697)
21: ((0, 4, 6, 5, 1, 2, 7, 8, 3, 9), 689)
22: ((0, 4, 6, 5, 1, 2, 7, 8, 3, 9), 689)
23: ((0, 4, 6, 5, 1, 2, 7, 8, 3, 9), 689)
24: ((0, 4, 6, 5, 1, 2, 7, 8, 3, 9), 689)
25: ((0, 4, 6, 5, 1, 2, 7, 8, 3, 9), 689)
26: ((0, 4, 6, 5, 1, 2, 7, 8, 3, 9), 689)
27: ((7, 9, 1, 6, 2, 4, 8, 5, 0, 3), 697)
28: ((7, 9, 1, 6, 2, 4, 8, 5, 0, 3), 697)
29: ((7, 9, 1, 6, 2, 4, 8, 5, 0, 3), 697)
30: ((7, 3, 9, 1, 2, 4, 6, 8, 0, 5), 698)
31: ((3, 9, 7, 1, 6, 2, 8, 4, 5, 0), 698)
32: ((3, 9, 7, 1, 6, 2, 8, 4, 5, 0), 698)
33: ((3, 9, 7, 1, 6, 2, 8, 4, 5, 0), 698)
34: ((7, 9, 1, 6, 2, 4, 3, 5, 8, 0), 699)
35: ((7, 9, 1, 6, 2, 4, 3, 5, 8, 0), 699)
36: ((9, 7, 1, 6, 2, 3, 8, 4, 5, 0), 697)
37: ((9, 7, 1, 6, 2, 3, 8, 4, 5, 0), 697)
38: ((9, 7, 1, 6, 2, 3, 8, 4, 5, 0), 697)
39: ((9, 7, 1, 6, 2, 3, 8, 4, 5, 0), 697)
40: ((9, 7, 1, 6, 2, 3, 8, 4, 5, 0), 697)
41: ((9, 7, 1, 6, 2, 3, 8, 4, 5, 0), 697)
42: ((9, 7, 1, 6, 2, 3, 8, 4, 5, 0), 697)
43: ((7, 9, 1, 6, 3, 2, 4, 8, 5, 0), 698)
44: ((7, 9, 1, 6, 3, 2, 4, 8, 5, 0), 698)
45: ((7, 9, 1, 6, 3, 2, 4, 8, 5, 0), 698)
46: ((7, 9, 1, 6, 3, 2, 4, 8, 5, 0), 698)
47: ((7, 9, 1, 6, 3, 2, 4, 8, 5, 0), 698)
48: ((7, 9, 1, 6, 3, 2, 4, 8, 5, 0), 698)
49: ((7, 9, 1, 6, 3, 2, 4, 8, 5, 0), 698)
50: ((9, 7, 1, 6, 2, 4, 8, 5, 0, 3), 700)
51: ((7, 9, 1, 6, 2, 4, 5, 3, 8, 0), 699)
52: ((7, 9, 1, 6, 2, 4, 5, 3, 8, 0), 699)
53: ((7, 9, 1, 6, 2, 4, 5, 3, 8, 0), 699)
54: ((7, 3, 9, 1, 6, 2, 8, 4, 5, 0), 698)
55: ((7, 3, 9, 1, 6, 2, 8, 4, 5, 0), 698)
56: ((7, 3, 9, 1, 6, 2, 8, 4, 5, 0), 698)
57: ((9, 3, 7, 1, 2, 6, 8, 4, 5, 0), 697)
58: ((9, 3, 7, 1, 2, 6, 8, 4, 5, 0), 697)
59: ((9, 3, 7, 1, 2, 6, 8, 4, 5, 0), 697)
60: ((9, 3, 7, 1, 2, 6, 8, 4, 5, 0), 697)
61: ((9, 3, 7, 1, 2, 6, 8, 4, 5, 0), 697)
62: ((9, 3, 7, 1, 2, 6, 8, 4, 5, 0), 697)
63: ((9, 3, 7, 1, 2, 6, 8, 4, 5, 0), 697)
64: ((9, 3, 7, 1, 2, 6, 8, 4, 5, 0), 697)
65: ((9, 3, 7, 1, 2, 6, 8, 4, 5, 0), 697)
66: ((9, 3, 7, 1, 2, 6, 8, 4, 5, 0), 697)
67: ((7, 9, 1, 6, 2, 4, 5, 3, 8, 0), 699)
68: ((7, 9, 1, 6, 2, 4, 5, 3, 8, 0), 699)
69: ((7, 9, 1, 3, 6, 2, 8, 4, 5, 0), 697)
70: ((7, 9, 1, 3, 6, 2, 8, 4, 5, 0), 697)
71: ((7, 9, 1, 3, 6, 2, 8, 4, 5, 0), 697)
72: ((7, 9, 1, 3, 6, 2, 8, 4, 5, 0), 697)
73: ((7, 9, 1, 3, 6, 2, 8, 4, 5, 0), 697)
74: ((7, 9, 1, 3, 6, 2, 8, 4, 5, 0), 697)
75: ((7, 9, 1, 3, 6, 2, 8, 4, 5, 0), 697)
76: ((7, 9, 1, 3, 6, 2, 8, 4, 5, 0), 697)
77: ((7, 9, 1, 3, 6, 2, 8, 4, 5, 0), 697)
78: ((7, 9, 1, 3, 6, 2, 8, 4, 5, 0), 697)
79: ((7, 9, 1, 6, 2, 8, 3, 4, 5, 0), 698)
80: ((7, 9, 1, 6, 2, 8, 3, 4, 5, 0), 698)
81: ((7, 9, 1, 6, 2, 8, 3, 4, 5, 0), 698)
82: ((9, 7, 1, 6, 2, 4, 8, 0, 5, 3), 699)
83: ((9, 7, 1, 6, 2, 4, 8, 0, 5, 3), 699)
84: ((9, 7, 1, 3, 6, 2, 4, 5, 8, 0), 698)
85: ((1, 3, 6, 2, 7, 8, 4, 5, 0, 9), 698)
86: ((1, 3, 6, 2, 7, 8, 4, 5, 0, 9), 698)
87: ((1, 3, 6, 2, 7, 8, 4, 5, 0, 9), 698)
88: ((9, 7, 1, 6, 2, 4, 8, 0, 5, 3), 699)
89: ((7, 9, 1, 6, 2, 4, 5, 8, 0, 3), 698)
90: ((9, 7, 1, 6, 2, 4, 8, 0, 5, 3), 699)
91: ((9, 7, 1, 6, 2, 4, 8, 0, 5, 3), 699)
92: ((9, 7, 1, 2, 3, 4, 6, 5, 8, 0), 699)
93: ((9, 7, 1, 6, 2, 4, 5, 8, 0, 3), 698)
94: ((9, 7, 1, 6, 2, 4, 5, 8, 0, 3), 698)
95: ((9, 7, 1, 6, 2, 4, 5, 8, 0, 3), 698)
96: ((9, 7, 1, 6, 2, 4, 5, 8, 0, 3), 698)
97: ((9, 7, 1, 6, 2, 4, 5, 8, 0, 3), 698)
98: ((3, 7, 9, 1, 6, 2, 4, 8, 5, 0), 698)
99: ((3, 7, 9, 1, 6, 2, 4, 8, 5, 0), 698)
Best: ((0, 4, 6, 5, 1, 2, 7, 8, 3, 9), 689)
Runtime: 265.4008028 s