Generations:
0: ((8, 4, 9, 7, 3, 0, 6, 1, 5, 2), 703)
1: ((8, 4, 9, 7, 3, 0, 6, 1, 5, 2), 703)
2: ((7, 3, 1, 9, 6, 8, 2, 0, 4, 5), 704)
3: ((7, 3, 1, 9, 6, 8, 2, 0, 4, 5), 704)
4: ((7, 3, 1, 9, 6, 8, 2, 0, 4, 5), 704)
5: ((7, 3, 1, 9, 6, 8, 2, 0, 4, 5), 704)
6: ((7, 3, 1, 9, 6, 8, 2, 0, 4, 5), 704)
7: ((8, 0, 3, 4, 1, 5, 9, 6, 7, 2), 703)
8: ((8, 0, 3, 4, 1, 5, 9, 6, 7, 2), 703)
9: ((8, 0, 3, 4, 1, 5, 9, 6, 7, 2), 703)
10: ((8, 0, 3, 4, 1, 5, 9, 6, 7, 2), 703)
11: ((8, 0, 3, 4, 1, 5, 9, 6, 7, 2), 703)
12: ((8, 0, 3, 4, 1, 5, 9, 6, 7, 2), 703)
13: ((8, 4, 7, 1, 2, 0, 5, 9, 6, 3), 700)
14: ((8, 4, 7, 1, 2, 0, 5, 9, 6, 3), 700)
15: ((8, 4, 7, 1, 2, 0, 5, 9, 6, 3), 700)
16: ((8, 4, 7, 1, 2, 0, 5, 9, 6, 3), 700)
17: ((8, 4, 7, 1, 2, 0, 5, 9, 6, 3), 700)
18: ((8, 4, 7, 1, 2, 0, 5, 9, 6, 3), 700)
19: ((8, 4, 7, 1, 2, 0, 5, 9, 6, 3), 700)
20: ((8, 4, 7, 1, 2, 0, 5, 9, 6, 3), 700)
21: ((1, 6, 3, 2, 7, 8, 0, 4, 5, 9), 696)
22: ((1, 6, 3, 2, 7, 8, 0, 4, 5, 9), 696)
23: ((1, 6, 3, 2, 7, 8, 0, 4, 5, 9), 696)
24: ((1, 6, 3, 2, 7, 8, 0, 4, 5, 9), 696)
25: ((1, 6, 3, 2, 7, 8, 0, 4, 5, 9), 696)
26: ((1, 6, 3, 2, 7, 8, 0, 4, 5, 9), 696)
27: ((1, 6, 3, 2, 7, 8, 0, 4, 5, 9), 696)
28: ((5, 4, 1, 3, 7, 8, 9, 2, 6, 0), 698)
29: ((5, 4, 1, 3, 7, 8, 9, 2, 6, 0), 698)
30: ((5, 4, 1, 3, 7, 8, 9, 2, 6, 0), 698)
31: ((5, 4, 1, 3, 7, 8, 9, 2, 6, 0), 698)
32: ((5, 4, 1, 3, 7, 8, 9, 2, 6, 0), 698)
33: ((5, 4, 1, 3, 7, 8, 9, 2, 6, 0), 698)
34: ((5, 4, 1, 3, 7, 8, 9, 2, 6, 0), 698)
35: ((5, 4, 1, 3, 7, 8, 9, 2, 6, 0), 698)
36: ((5, 4, 1, 3, 7, 8, 9, 2, 6, 0), 698)
37: ((5, 4, 1, 3, 7, 8, 9, 2, 6, 0), 698)
38: ((5, 4, 1, 3, 7, 8, 9, 2, 6, 0), 698)
39: ((5, 4, 1, 3, 7, 8, 9, 2, 6, 0), 698)
40: ((5, 4, 1, 3, 7, 8, 9, 2, 6, 0), 698)
41: ((5, 4, 1, 3, 7, 8, 9, 2, 6, 0), 698)
42: ((5, 4, 1, 3, 7, 8, 9, 2, 6, 0), 698)
43: ((5, 4, 1, 3, 7, 8, 9, 2, 6, 0), 698)
44: ((5, 4, 1, 3, 7, 8, 9, 2, 6, 0), 698)
45: ((5, 4, 1, 3, 7, 8, 9, 2, 6, 0), 698)
46: ((5, 4, 1, 3, 7, 8, 9, 2, 6, 0), 698)
47: ((3, 0, 6, 1, 4, 2, 7, 8, 5, 9), 695)
48: ((3, 0, 6, 1, 4, 2, 7, 8, 5, 9), 695)
49: ((3, 0, 6, 1, 4, 2, 7, 8, 5, 9), 695)
50: ((3, 0, 6, 1, 4, 2, 7, 8, 5, 9), 695)
51: ((3, 0, 6, 1, 4, 2, 7, 8, 5, 9), 695)
52: ((0, 4, 7, 6, 1, 5, 9, 8, 2, 3), 694)
53: ((0, 4, 7, 6, 1, 5, 9, 8, 2, 3), 694)
54: ((0, 4, 7, 6, 1, 5, 9, 8, 2, 3), 694)
55: ((0, 4, 7, 6, 1, 5, 9, 8, 2, 3), 694)
56: ((0, 4, 7, 6, 1, 5, 9, 8, 2, 3), 694)
57: ((0, 4, 7, 6, 1, 5, 9, 8, 2, 3), 694)
58: ((0, 4, 7, 6, 1, 5, 9, 8, 2, 3), 694)
59: ((0, 4, 7, 6, 1, 5, 9, 8, 2, 3), 694)
60: ((0, 4, 7, 6, 1, 5, 9, 8, 2, 3), 694)
61: ((3, 0, 6, 1, 4, 2, 7, 8, 5, 9), 695)
62: ((0, 6, 1, 4, 2, 7, 8, 3, 5, 9), 684)
63: ((0, 6, 1, 4, 2, 7, 8, 3, 5, 9), 684)
64: ((0, 6, 1, 4, 2, 7, 8, 3, 5, 9), 684)
65: ((0, 6, 1, 4, 2, 7, 8, 3, 5, 9), 684)
66: ((0, 6, 1, 4, 2, 7, 8, 3, 5, 9), 684)
67: ((0, 6, 1, 4, 2, 7, 8, 3, 5, 9), 684)
68: ((0, 6, 1, 4, 2, 7, 8, 3, 5, 9), 684)
69: ((0, 6, 1, 4, 2, 7, 8, 3, 5, 9), 684)
70: ((0, 6, 1, 4, 2, 7, 8, 3, 5, 9), 684)
71: ((0, 6, 1, 4, 2, 7, 8, 3, 5, 9), 684)
72: ((0, 6, 1, 4, 2, 7, 8, 3, 5, 9), 684)
73: ((0, 6, 1, 4, 2, 7, 8, 3, 5, 9), 684)
74: ((0, 6, 1, 4, 2, 7, 8, 3, 5, 9), 684)
75: ((0, 6, 1, 4, 2, 7, 8, 3, 5, 9), 684)
76: ((0, 6, 1, 4, 2, 7, 8, 3, 5, 9), 684)
77: ((0, 6, 1, 4, 2, 7, 8, 3, 5, 9), 684)
78: ((0, 6, 1, 4, 2, 7, 8, 3, 5, 9), 684)
79: ((0, 6, 1, 4, 2, 7, 8, 3, 5, 9), 684)
80: ((0, 6, 1, 4, 2, 7, 8, 3, 5, 9), 684)
81: ((0, 6, 1, 4, 2, 7, 8, 3, 5, 9), 684)
82: ((0, 6, 1, 4, 2, 7, 8, 3, 5, 9), 684)
83: ((0, 6, 1, 4, 2, 7, 8, 3, 5, 9), 684)
84: ((0, 6, 1, 4, 2, 7, 8, 3, 5, 9), 684)
85: ((0, 6, 1, 4, 2, 7, 8, 3, 5, 9), 684)
86: ((0, 6, 1, 4, 2, 7, 8, 3, 5, 9), 684)
87: ((0, 6, 1, 4, 2, 7, 8, 3, 5, 9), 684)
88: ((0, 6, 1, 4, 2, 7, 8, 3, 5, 9), 684)
89: ((0, 6, 1, 4, 2, 7, 8, 3, 5, 9), 684)
90: ((0, 6, 1, 4, 2, 7, 8, 3, 5, 9), 684)
91: ((0, 6, 1, 4, 2, 7, 8, 3, 5, 9), 684)
92: ((0, 6, 1, 4, 2, 7, 8, 3, 5, 9), 684)
93: ((0, 6, 1, 4, 2, 7, 8, 3, 5, 9), 684)
94: ((0, 6, 1, 4, 2, 7, 8, 3, 5, 9), 684)
95: ((0, 6, 1, 4, 2, 7, 8, 3, 5, 9), 684)
96: ((8, 3, 4, 7, 1, 9, 2, 6, 0, 5), 694)
Best: ((0, 6, 1, 4, 2, 7, 8, 3, 5, 9), 684)
Runtime: 340.7632842 s