Generations:
0: ((7, 1, 6, 2, 8, 9, 4, 0, 5, 3), 727)
1: ((4, 1, 9, 6, 5, 3, 0, 7, 8, 2), 717)
2: ((4, 1, 8, 5, 6, 7, 2, 3, 9, 0), 716)
3: ((0, 3, 1, 8, 9, 6, 4, 2, 7, 5), 712)
4: ((1, 9, 4, 5, 0, 3, 7, 2, 8, 6), 706)
5: ((1, 9, 4, 5, 0, 3, 7, 2, 8, 6), 706)
6: ((1, 9, 4, 5, 0, 3, 7, 2, 8, 6), 706)
7: ((3, 9, 7, 1, 2, 4, 8, 6, 5, 0), 704)
8: ((3, 9, 7, 1, 2, 4, 8, 6, 5, 0), 704)
9: ((3, 9, 7, 1, 2, 4, 8, 6, 5, 0), 704)
10: ((3, 9, 7, 1, 2, 4, 8, 6, 5, 0), 704)
11: ((0, 5, 9, 6, 2, 4, 8, 7, 1, 3), 701)
12: ((9, 7, 1, 2, 8, 3, 6, 0, 4, 5), 697)
13: ((9, 7, 1, 2, 8, 3, 6, 0, 4, 5), 697)
14: ((9, 7, 1, 2, 8, 3, 6, 0, 4, 5), 697)
15: ((9, 7, 1, 2, 8, 3, 6, 0, 4, 5), 697)
16: ((9, 7, 1, 2, 8, 3, 6, 0, 4, 5), 697)
17: ((9, 7, 1, 2, 8, 3, 6, 0, 4, 5), 697)
18: ((1, 9, 8, 4, 7, 5, 2, 6, 3, 0), 703)
19: ((1, 8, 6, 2, 7, 4, 0, 5, 3, 9), 698)
20: ((1, 8, 6, 2, 7, 4, 0, 5, 3, 9), 698)
21: ((1, 8, 6, 2, 7, 4, 0, 5, 3, 9), 698)
22: ((1, 9, 4, 5, 0, 3, 7, 2, 8, 6), 706)
23: ((7, 9, 2, 8, 4, 5, 0, 1, 3, 6), 705)
24: ((7, 4, 9, 2, 8, 1, 6, 5, 0, 3), 704)
25: ((9, 7, 2, 8, 1, 4, 6, 5, 0, 3), 700)
26: ((9, 7, 2, 8, 1, 4, 6, 5, 0, 3), 700)
27: ((9, 7, 2, 8, 1, 4, 6, 5, 0, 3), 700)
28: ((9, 7, 2, 8, 1, 4, 6, 5, 0, 3), 700)
29: ((9, 7, 2, 8, 1, 4, 6, 5, 0, 3), 700)
30: ((9, 7, 2, 8, 1, 4, 6, 5, 0, 3), 700)
31: ((9, 7, 2, 8, 1, 4, 6, 5, 0, 3), 700)
32: ((9, 7, 2, 8, 1, 4, 6, 5, 0, 3), 700)
33: ((9, 7, 2, 8, 1, 4, 6, 5, 0, 3), 700)
34: ((3, 6, 0, 8, 4, 5, 1, 7, 2, 9), 699)
35: ((3, 6, 0, 8, 4, 5, 1, 7, 2, 9), 699)
36: ((3, 6, 0, 8, 4, 5, 1, 7, 2, 9), 699)
37: ((3, 6, 0, 8, 4, 5, 1, 7, 2, 9), 699)
38: ((3, 6, 0, 8, 4, 5, 1, 7, 2, 9), 699)
39: ((3, 6, 0, 8, 4, 5, 1, 7, 2, 9), 699)
40: ((3, 6, 0, 8, 4, 5, 1, 7, 2, 9), 699)
41: ((3, 6, 0, 8, 4, 5, 1, 7, 2, 9), 699)
42: ((3, 6, 0, 8, 4, 5, 1, 7, 2, 9), 699)
43: ((5, 4, 7, 9, 8, 2, 3, 6, 1, 0), 699)
44: ((5, 4, 7, 9, 8, 2, 3, 6, 1, 0), 699)
45: ((5, 4, 7, 9, 8, 2, 3, 6, 1, 0), 699)
46: ((5, 4, 7, 9, 8, 2, 3, 6, 1, 0), 699)
47: ((5, 4, 7, 9, 8, 2, 3, 6, 1, 0), 699)
48: ((1, 3, 8, 4, 0, 9, 7, 2, 6, 5), 694)
49: ((1, 3, 8, 4, 0, 9, 7, 2, 6, 5), 694)
50: ((1, 3, 8, 4, 0, 9, 7, 2, 6, 5), 694)
51: ((1, 3, 8, 4, 0, 9, 7, 2, 6, 5), 694)
52: ((1, 3, 8, 4, 0, 9, 7, 2, 6, 5), 694)
53: ((1, 3, 8, 4, 0, 9, 7, 2, 6, 5), 694)
54: ((1, 3, 8, 4, 0, 9, 7, 2, 6, 5), 694)
55: ((1, 3, 8, 4, 0, 9, 7, 2, 6, 5), 694)
56: ((1, 3, 8, 4, 0, 9, 7, 2, 6, 5), 694)
57: ((1, 3, 8, 4, 0, 9, 7, 2, 6, 5), 694)
58: ((1, 3, 8, 4, 0, 9, 7, 2, 6, 5), 694)
59: ((1, 3, 8, 4, 0, 9, 7, 2, 6, 5), 694)
60: ((1, 3, 8, 4, 0, 9, 7, 2, 6, 5), 694)
61: ((1, 3, 8, 4, 0, 9, 7, 2, 6, 5), 694)
62: ((1, 3, 8, 4, 0, 9, 7, 2, 6, 5), 694)
63: ((1, 3, 8, 4, 0, 9, 7, 2, 6, 5), 694)
64: ((1, 3, 8, 4, 0, 9, 7, 2, 6, 5), 694)
65: ((1, 3, 8, 4, 0, 9, 7, 2, 6, 5), 694)
66: ((1, 3, 8, 4, 0, 9, 7, 2, 6, 5), 694)
67: ((1, 3, 8, 4, 0, 9, 7, 2, 6, 5), 694)
68: ((1, 3, 8, 4, 0, 9, 7, 2, 6, 5), 694)
69: ((1, 3, 8, 4, 0, 9, 7, 2, 6, 5), 694)
70: ((1, 3, 8, 4, 0, 9, 7, 2, 6, 5), 694)
71: ((1, 3, 8, 4, 0, 9, 7, 2, 6, 5), 694)
72: ((6, 0, 1, 3, 4, 8, 5, 7, 2, 9), 696)
73: ((6, 0, 1, 3, 4, 8, 5, 7, 2, 9), 696)
74: ((6, 0, 1, 3, 4, 8, 5, 7, 2, 9), 696)
75: ((6, 0, 1, 3, 4, 8, 5, 7, 2, 9), 696)
76: ((6, 0, 1, 3, 4, 8, 5, 7, 2, 9), 696)
77: ((6, 0, 4, 7, 1, 8, 5, 2, 9, 3), 694)
78: ((6, 0, 4, 7, 1, 8, 5, 2, 9, 3), 694)
79: ((6, 0, 4, 7, 1, 8, 5, 2, 9, 3), 694)
80: ((6, 0, 4, 7, 1, 8, 5, 2, 9, 3), 694)
81: ((6, 0, 4, 7, 1, 8, 5, 2, 9, 3), 694)
82: ((6, 0, 4, 7, 1, 8, 5, 2, 9, 3), 694)
83: ((6, 0, 4, 7, 1, 8, 5, 2, 9, 3), 694)
84: ((6, 0, 4, 7, 1, 8, 5, 2, 9, 3), 694)
85: ((6, 0, 4, 7, 1, 8, 5, 2, 9, 3), 694)
86: ((6, 0, 4, 7, 1, 8, 5, 2, 9, 3), 694)
87: ((6, 0, 4, 7, 1, 8, 5, 2, 9, 3), 694)
88: ((6, 0, 4, 7, 1, 8, 5, 2, 9, 3), 694)
89: ((6, 0, 1, 3, 4, 8, 5, 7, 2, 9), 696)
90: ((6, 0, 1, 3, 4, 8, 5, 7, 2, 9), 696)
91: ((6, 0, 1, 3, 4, 8, 5, 7, 2, 9), 696)
92: ((6, 0, 1, 3, 4, 8, 5, 7, 2, 9), 696)
93: ((6, 0, 1, 3, 4, 8, 5, 7, 2, 9), 696)
94: ((6, 0, 1, 3, 4, 8, 5, 7, 2, 9), 696)
95: ((6, 0, 1, 3, 4, 8, 5, 7, 2, 9), 696)
96: ((6, 0, 1, 3, 4, 8, 5, 7, 2, 9), 696)
Best: ((1, 3, 8, 4, 0, 9, 7, 2, 6, 5), 694)
Runtime: 355.5821206 s