Generations:
0: ((7, 9, 2, 1, 3, 6, 8, 0, 4, 5), 726)
1: ((7, 9, 2, 1, 3, 6, 8, 0, 4, 5), 726)
2: ((6, 0, 4, 8, 5, 1, 9, 3, 7, 2), 699)
3: ((6, 0, 4, 8, 5, 1, 9, 3, 7, 2), 699)
4: ((6, 0, 4, 8, 5, 1, 9, 3, 7, 2), 699)
5: ((6, 0, 4, 8, 5, 1, 9, 3, 7, 2), 699)
6: ((6, 0, 4, 8, 5, 1, 3, 9, 7, 2), 699)
7: ((6, 0, 4, 8, 5, 1, 3, 9, 7, 2), 699)
8: ((6, 0, 4, 8, 5, 1, 3, 9, 7, 2), 699)
9: ((6, 0, 4, 8, 5, 1, 3, 9, 7, 2), 699)
10: ((6, 0, 4, 8, 5, 1, 3, 9, 7, 2), 699)
11: ((6, 0, 4, 8, 5, 1, 3, 9, 7, 2), 699)
12: ((6, 0, 4, 8, 5, 1, 3, 9, 7, 2), 699)
13: ((6, 0, 4, 8, 5, 1, 3, 9, 7, 2), 699)
14: ((6, 0, 4, 8, 1, 3, 7, 5, 9, 2), 694)
15: ((6, 0, 4, 8, 1, 3, 7, 5, 9, 2), 694)
16: ((6, 0, 4, 8, 5, 1, 3, 9, 7, 2), 699)
17: ((6, 0, 4, 8, 5, 1, 3, 9, 7, 2), 699)
18: ((6, 0, 4, 8, 5, 1, 3, 9, 7, 2), 699)
19: ((6, 0, 4, 8, 5, 1, 3, 9, 7, 2), 699)
20: ((6, 0, 4, 8, 5, 1, 3, 9, 7, 2), 699)
21: ((6, 0, 4, 8, 5, 1, 3, 9, 7, 2), 699)
22: ((6, 0, 4, 8, 5, 1, 3, 9, 7, 2), 699)
23: ((6, 0, 4, 8, 5, 1, 3, 9, 7, 2), 699)
24: ((6, 0, 4, 8, 5, 1, 3, 9, 7, 2), 699)
25: ((6, 0, 4, 8, 5, 1, 3, 9, 7, 2), 699)
26: ((6, 0, 4, 8, 5, 1, 3, 9, 7, 2), 699)
27: ((6, 0, 4, 8, 5, 1, 3, 9, 7, 2), 699)
28: ((6, 0, 4, 8, 5, 1, 3, 9, 7, 2), 699)
29: ((0, 1, 7, 4, 8, 5, 9, 6, 3, 2), 701)
30: ((0, 1, 7, 4, 8, 5, 9, 6, 3, 2), 701)
31: ((0, 1, 7, 4, 8, 5, 9, 6, 3, 2), 701)
32: ((0, 1, 7, 4, 8, 5, 9, 6, 3, 2), 701)
33: ((5, 4, 7, 1, 8, 9, 6, 2, 0, 3), 702)
34: ((5, 9, 6, 2, 1, 4, 3, 0, 7, 8), 702)
35: ((5, 9, 6, 2, 1, 4, 3, 0, 7, 8), 702)
36: ((5, 9, 6, 2, 1, 4, 3, 0, 7, 8), 702)
37: ((3, 0, 4, 1, 8, 5, 6, 9, 2, 7), 703)
38: ((3, 0, 4, 1, 8, 5, 6, 9, 2, 7), 703)
39: ((3, 0, 4, 1, 8, 5, 6, 9, 2, 7), 703)
40: ((1, 4, 7, 8, 5, 6, 3, 9, 2, 0), 702)
41: ((1, 4, 7, 8, 5, 6, 3, 9, 2, 0), 702)
42: ((1, 4, 7, 8, 5, 6, 3, 9, 2, 0), 702)
43: ((1, 4, 7, 8, 5, 6, 3, 9, 2, 0), 702)
44: ((1, 4, 7, 8, 5, 6, 3, 9, 2, 0), 702)
45: ((1, 4, 7, 8, 5, 6, 3, 9, 2, 0), 702)
46: ((1, 4, 7, 8, 5, 6, 3, 9, 2, 0), 702)
47: ((1, 4, 7, 8, 5, 6, 3, 9, 2, 0), 702)
48: ((1, 4, 7, 8, 5, 6, 3, 9, 2, 0), 702)
49: ((1, 4, 7, 8, 5, 6, 3, 9, 2, 0), 702)
50: ((8, 4, 7, 9, 2, 0, 3, 1, 6, 5), 693)
51: ((8, 4, 7, 9, 2, 0, 3, 1, 6, 5), 693)
52: ((8, 4, 7, 9, 2, 0, 3, 1, 6, 5), 693)
53: ((8, 4, 7, 9, 2, 0, 3, 1, 6, 5), 693)
54: ((8, 4, 7, 9, 2, 0, 3, 1, 6, 5), 693)
55: ((8, 4, 7, 9, 2, 0, 3, 1, 6, 5), 693)
56: ((8, 4, 7, 9, 2, 0, 3, 1, 6, 5), 693)
57: ((8, 4, 7, 9, 2, 0, 3, 1, 6, 5), 693)
58: ((8, 4, 7, 9, 2, 0, 3, 1, 6, 5), 693)
59: ((8, 4, 7, 9, 2, 0, 3, 1, 6, 5), 693)
60: ((8, 4, 7, 9, 2, 0, 3, 1, 6, 5), 693)
61: ((8, 4, 7, 9, 2, 0, 3, 1, 6, 5), 693)
62: ((8, 4, 7, 9, 2, 0, 3, 1, 6, 5), 693)
63: ((8, 4, 7, 9, 2, 0, 3, 1, 6, 5), 693)
64: ((8, 4, 7, 9, 2, 0, 3, 1, 6, 5), 693)
65: ((8, 4, 7, 9, 2, 0, 3, 1, 6, 5), 693)
66: ((8, 4, 7, 9, 2, 0, 3, 1, 6, 5), 693)
67: ((8, 4, 7, 9, 2, 0, 3, 1, 6, 5), 693)
68: ((8, 4, 7, 9, 2, 0, 3, 1, 6, 5), 693)
69: ((8, 4, 7, 9, 2, 0, 3, 1, 6, 5), 693)
70: ((8, 4, 7, 9, 2, 0, 3, 1, 6, 5), 693)
71: ((8, 4, 7, 9, 2, 0, 3, 1, 6, 5), 693)
72: ((8, 4, 7, 9, 2, 0, 3, 1, 6, 5), 693)
73: ((8, 4, 7, 9, 2, 0, 3, 1, 6, 5), 693)
74: ((8, 4, 7, 9, 2, 0, 3, 1, 6, 5), 693)
75: ((8, 4, 7, 9, 2, 0, 3, 1, 6, 5), 693)
76: ((8, 4, 7, 9, 2, 0, 3, 1, 6, 5), 693)
77: ((0, 4, 1, 6, 8, 5, 2, 3, 7, 9), 700)
78: ((0, 4, 1, 6, 8, 5, 2, 3, 7, 9), 700)
79: ((0, 4, 1, 6, 8, 5, 2, 3, 7, 9), 700)
80: ((0, 4, 1, 6, 8, 5, 2, 3, 7, 9), 700)
81: ((0, 4, 1, 6, 8, 5, 2, 3, 7, 9), 700)
82: ((0, 6, 5, 8, 4, 1, 9, 7, 2, 3), 695)
83: ((0, 6, 5, 8, 4, 1, 9, 7, 2, 3), 695)
84: ((0, 6, 5, 8, 4, 1, 9, 7, 2, 3), 695)
85: ((8, 5, 4, 9, 7, 1, 3, 2, 0, 6), 694)
86: ((8, 5, 4, 9, 7, 1, 3, 2, 0, 6), 694)
87: ((8, 5, 4, 9, 7, 1, 3, 2, 0, 6), 694)
88: ((8, 5, 4, 9, 7, 1, 3, 2, 0, 6), 694)
89: ((8, 5, 4, 9, 7, 1, 3, 2, 0, 6), 694)
90: ((8, 5, 4, 9, 7, 1, 3, 2, 0, 6), 691)
91: ((8, 5, 4, 9, 7, 1, 3, 2, 0, 6), 691)
92: ((8, 5, 4, 9, 7, 1, 3, 2, 0, 6), 691)
93: ((8, 5, 4, 9, 7, 1, 3, 2, 0, 6), 691)
94: ((8, 5, 4, 9, 7, 1, 3, 2, 0, 6), 691)
95: ((8, 5, 4, 9, 7, 1, 3, 2, 0, 6), 691)
96: ((8, 5, 4, 9, 7, 1, 3, 2, 0, 6), 691)
Best: ((8, 5, 4, 9, 7, 1, 3, 2, 0, 6), 691)
Runtime: 251.8881409 s