Generations:
0: ((4, 7, 9, 0, 2, 1, 5, 6, 3, 8), 607)
1: ((7, 1, 6, 9, 4, 2, 0, 8, 3, 5), 602)
2: ((7, 1, 6, 9, 4, 2, 0, 8, 3, 5), 602)
3: ((7, 1, 6, 9, 4, 2, 0, 8, 3, 5), 602)
4: ((7, 1, 9, 5, 8, 4, 2, 0, 6, 3), 590)
5: ((7, 4, 0, 9, 6, 1, 8, 5, 2, 3), 588)
6: ((7, 4, 0, 9, 6, 1, 8, 5, 2, 3), 588)
7: ((7, 4, 0, 9, 6, 1, 8, 5, 2, 3), 588)
8: ((7, 4, 0, 9, 6, 1, 8, 5, 2, 3), 588)
9: ((7, 1, 6, 3, 5, 8, 0, 9, 2, 4), 584)
10: ((7, 1, 6, 5, 0, 4, 3, 8, 9, 2), 581)
11: ((7, 1, 6, 5, 0, 4, 3, 8, 9, 2), 581)
12: ((7, 1, 6, 5, 0, 4, 3, 2, 8, 9), 571)
13: ((7, 1, 6, 5, 0, 4, 3, 2, 8, 9), 571)
14: ((7, 1, 6, 5, 0, 4, 3, 2, 8, 9), 571)
15: ((7, 1, 6, 5, 0, 4, 3, 2, 8, 9), 571)
16: ((1, 7, 5, 6, 0, 4, 9, 3, 2, 8), 575)
17: ((1, 7, 5, 6, 0, 4, 9, 3, 2, 8), 575)
18: ((1, 7, 5, 6, 0, 4, 9, 3, 2, 8), 575)
19: ((1, 7, 5, 6, 0, 4, 9, 3, 2, 8), 575)
20: ((1, 7, 5, 6, 0, 4, 9, 3, 2, 8), 575)
21: ((1, 7, 5, 6, 0, 4, 9, 3, 2, 8), 575)
22: ((1, 7, 5, 6, 0, 4, 9, 3, 2, 8), 575)
23: ((1, 7, 5, 6, 0, 4, 9, 3, 2, 8), 575)
24: ((1, 7, 5, 6, 0, 4, 9, 3, 2, 8), 575)
25: ((7, 1, 6, 5, 0, 4, 2, 3, 8, 9), 566)
26: ((7, 1, 6, 5, 0, 4, 2, 3, 8, 9), 566)
27: ((7, 1, 6, 5, 0, 4, 2, 3, 8, 9), 566)
28: ((7, 1, 6, 5, 0, 4, 2, 3, 8, 9), 566)
29: ((7, 1, 6, 5, 0, 4, 3, 2, 8, 9), 569)
30: ((7, 1, 6, 5, 0, 4, 3, 2, 8, 9), 569)
31: ((7, 1, 6, 5, 0, 4, 3, 2, 8, 9), 569)
32: ((7, 1, 6, 5, 0, 4, 3, 2, 8, 9), 569)
33: ((1, 7, 5, 6, 0, 4, 9, 3, 2, 8), 575)
34: ((1, 7, 5, 6, 0, 4, 9, 3, 2, 8), 575)
35: ((7, 6, 1, 5, 0, 4, 3, 9, 2, 8), 569)
36: ((1, 7, 5, 6, 0, 4, 9, 3, 2, 8), 575)
37: ((7, 6, 1, 5, 0, 4, 9, 3, 2, 8), 574)
38: ((7, 9, 1, 5, 0, 4, 6, 8, 2, 3), 567)
39: ((7, 9, 1, 5, 0, 4, 6, 8, 2, 3), 567)
40: ((7, 9, 1, 5, 0, 4, 6, 8, 2, 3), 567)
41: ((7, 9, 1, 5, 0, 4, 6, 8, 2, 3), 568)
42: ((7, 9, 1, 5, 0, 4, 6, 8, 2, 3), 568)
43: ((7, 9, 1, 5, 0, 4, 6, 8, 2, 3), 568)
44: ((7, 6, 1, 5, 0, 4, 3, 9, 8, 2), 567)
45: ((7, 6, 1, 5, 0, 4, 3, 9, 8, 2), 567)
46: ((7, 6, 1, 5, 0, 4, 3, 9, 8, 2), 567)
47: ((7, 6, 9, 1, 0, 5, 3, 2, 8, 4), 568)
48: ((7, 6, 9, 1, 0, 5, 3, 2, 8, 4), 568)
49: ((7, 6, 1, 5, 0, 4, 9, 8, 3, 2), 565)
50: ((7, 6, 9, 1, 0, 5, 3, 2, 8, 4), 568)
51: ((7, 6, 9, 1, 0, 5, 3, 2, 8, 4), 568)
52: ((7, 6, 9, 1, 0, 5, 3, 2, 8, 4), 568)
53: ((7, 6, 9, 1, 0, 5, 3, 2, 8, 4), 568)
54: ((7, 6, 9, 1, 0, 5, 3, 2, 8, 4), 568)
55: ((7, 6, 1, 5, 0, 3, 9, 4, 8, 2), 564)
56: ((7, 1, 6, 5, 0, 4, 8, 2, 9, 3), 566)
57: ((7, 1, 6, 5, 0, 4, 8, 2, 9, 3), 566)
58: ((7, 1, 6, 5, 0, 4, 8, 2, 9, 3), 566)
59: ((7, 6, 1, 5, 0, 4, 8, 2, 9, 3), 563)
60: ((7, 6, 1, 5, 0, 4, 8, 2, 9, 3), 563)
61: ((7, 6, 1, 5, 0, 4, 8, 2, 9, 3), 563)
62: ((7, 6, 1, 5, 0, 4, 8, 2, 9, 3), 563)
63: ((9, 7, 6, 5, 0, 4, 3, 1, 2, 8), 566)
64: ((9, 7, 6, 5, 0, 4, 3, 1, 2, 8), 566)
65: ((7, 1, 6, 5, 8, 0, 9, 3, 4, 2), 563)
66: ((7, 1, 6, 5, 8, 0, 9, 3, 4, 2), 563)
67: ((7, 1, 6, 5, 8, 0, 9, 3, 4, 2), 563)
68: ((7, 1, 6, 5, 8, 0, 9, 3, 4, 2), 563)
69: ((7, 1, 6, 5, 8, 0, 9, 3, 4, 2), 563)
70: ((7, 1, 6, 5, 8, 0, 9, 3, 4, 2), 563)
71: ((7, 1, 6, 5, 8, 0, 9, 3, 4, 2), 563)
72: ((7, 6, 1, 5, 4, 0, 9, 3, 8, 2), 564)
73: ((7, 6, 1, 5, 4, 0, 9, 3, 8, 2), 564)
74: ((7, 6, 1, 5, 4, 0, 9, 3, 8, 2), 564)
75: ((7, 6, 1, 5, 4, 0, 9, 3, 8, 2), 564)
76: ((7, 6, 1, 5, 4, 0, 9, 3, 8, 2), 564)
77: ((7, 6, 1, 5, 4, 0, 9, 3, 8, 2), 564)
78: ((7, 6, 1, 5, 4, 0, 9, 3, 8, 2), 564)
79: ((7, 1, 5, 8, 0, 9, 3, 6, 4, 2), 564)
80: ((7, 1, 5, 8, 0, 9, 3, 6, 4, 2), 564)
81: ((1, 7, 6, 5, 4, 9, 2, 3, 8, 0), 566)
82: ((1, 7, 6, 5, 4, 2, 0, 3, 8, 9), 569)
83: ((1, 7, 6, 5, 4, 2, 0, 3, 8, 9), 569)
84: ((7, 6, 1, 5, 0, 4, 3, 9, 8, 2), 567)
85: ((7, 6, 1, 5, 0, 4, 3, 9, 8, 2), 567)
86: ((7, 6, 1, 5, 0, 4, 3, 9, 8, 2), 567)
87: ((7, 1, 6, 5, 0, 8, 9, 3, 2, 4), 565)
88: ((7, 1, 6, 5, 0, 8, 9, 3, 2, 4), 565)
89: ((7, 1, 6, 5, 0, 8, 9, 3, 2, 4), 565)
90: ((7, 1, 6, 5, 0, 8, 9, 3, 2, 4), 565)
91: ((7, 1, 6, 5, 0, 8, 9, 3, 2, 4), 565)
92: ((7, 6, 1, 5, 0, 4, 9, 3, 8, 2), 565)
93: ((7, 6, 1, 5, 0, 4, 9, 3, 8, 2), 565)
94: ((7, 6, 1, 5, 0, 4, 9, 3, 8, 2), 565)
95: ((7, 1, 6, 5, 4, 2, 0, 9, 3, 8), 566)
96: ((7, 1, 6, 5, 0, 4, 2, 8, 3, 9), 566)
97: ((1, 7, 6, 5, 0, 4, 3, 9, 8, 2), 568)
Best: ((7, 6, 1, 5, 0, 4, 8, 2, 9, 3), 563)
Runtime: 482.6990731 s