Generations:
0: ((0, 22, 2, 19, 17, 5, 21, 16, 11, 10, 4, 8, 12, 24, 3, 1, 23, 18, 13, 14, 7, 6, 20, 15, 9), 1040)
1: ((11, 0, 24, 14, 20, 10, 7, 15, 8, 18, 2, 21, 4, 16, 6, 5, 17, 19, 23, 9, 3, 13, 22, 12, 1), 1035)
2: ((11, 0, 24, 14, 20, 10, 7, 15, 8, 18, 2, 21, 4, 16, 6, 5, 17, 19, 23, 9, 3, 13, 22, 12, 1), 1035)
3: ((11, 0, 24, 14, 20, 10, 7, 15, 8, 18, 2, 21, 4, 16, 6, 5, 17, 19, 23, 9, 3, 13, 22, 12, 1), 1035)
4: ((22, 14, 4, 21, 23, 5, 6, 18, 1, 10, 16, 8, 20, 11, 2, 17, 7, 15, 13, 24, 0, 12, 19, 3, 9), 1023)
5: ((22, 14, 4, 21, 23, 5, 6, 18, 1, 10, 16, 8, 20, 11, 2, 17, 7, 15, 13, 24, 0, 12, 19, 3, 9), 1023)
6: ((0, 22, 14, 11, 24, 12, 7, 15, 8, 18, 2, 21, 4, 16, 6, 5, 17, 19, 23, 9, 3, 13, 10, 1, 20), 1009)
7: ((12, 0, 14, 20, 10, 7, 8, 18, 2, 21, 4, 16, 22, 6, 19, 17, 23, 15, 24, 5, 13, 9, 11, 3, 1), 1004)
8: ((21, 14, 13, 7, 1, 11, 8, 4, 5, 6, 16, 20, 23, 18, 0, 15, 3, 2, 24, 9, 12, 10, 19, 22, 17), 1003)
9: ((21, 14, 13, 7, 1, 11, 8, 4, 5, 6, 16, 20, 23, 18, 0, 15, 3, 2, 24, 9, 12, 10, 19, 22, 17), 1003)
10: ((0, 14, 20, 7, 15, 8, 18, 21, 4, 16, 6, 5, 17, 19, 23, 22, 12, 10, 3, 13, 11, 2, 1, 9, 24), 977)
11: ((0, 14, 20, 7, 15, 8, 18, 21, 4, 16, 6, 5, 17, 19, 23, 22, 12, 10, 3, 13, 11, 2, 1, 9, 24), 977)
12: ((0, 14, 20, 7, 15, 8, 18, 21, 4, 16, 6, 5, 17, 19, 23, 22, 12, 10, 3, 13, 11, 2, 1, 9, 24), 977)
13: ((0, 14, 20, 7, 15, 8, 18, 21, 4, 16, 6, 5, 17, 19, 23, 22, 12, 10, 3, 13, 11, 2, 1, 9, 24), 977)
14: ((0, 14, 20, 7, 15, 8, 18, 21, 4, 16, 6, 5, 17, 19, 23, 22, 12, 10, 3, 13, 11, 2, 1, 9, 24), 977)
15: ((0, 14, 20, 7, 15, 8, 18, 21, 4, 16, 6, 5, 17, 19, 23, 22, 12, 10, 3, 13, 11, 2, 1, 9, 24), 977)
16: ((14, 20, 10, 7, 15, 11, 21, 8, 18, 2, 4, 16, 6, 5, 17, 19, 23, 9, 3, 13, 22, 12, 1, 0, 24), 974)
17: ((2, 14, 20, 7, 15, 18, 21, 4, 13, 16, 6, 23, 9, 3, 1, 22, 5, 8, 10, 19, 17, 12, 24, 11, 0), 966)
18: ((2, 14, 20, 7, 15, 18, 21, 4, 13, 16, 6, 23, 9, 3, 1, 22, 5, 8, 10, 19, 17, 12, 24, 11, 0), 966)
19: ((2, 14, 20, 7, 15, 18, 21, 4, 13, 16, 6, 23, 9, 3, 1, 22, 5, 8, 10, 19, 17, 12, 24, 11, 0), 966)
20: ((22, 24, 14, 7, 15, 16, 6, 18, 23, 4, 3, 9, 10, 1, 19, 21, 8, 5, 17, 13, 0, 20, 12, 2, 11), 953)
21: ((22, 24, 14, 7, 15, 16, 6, 18, 23, 4, 3, 9, 10, 1, 19, 21, 8, 5, 17, 13, 0, 20, 12, 2, 11), 953)
22: ((22, 24, 14, 7, 15, 16, 6, 18, 23, 4, 3, 9, 10, 1, 19, 21, 8, 5, 17, 13, 0, 20, 12, 2, 11), 953)
23: ((22, 24, 14, 7, 15, 16, 6, 18, 23, 4, 3, 9, 10, 1, 19, 21, 8, 5, 17, 13, 0, 20, 12, 2, 11), 953)
24: ((22, 24, 14, 7, 15, 16, 6, 18, 23, 4, 3, 9, 10, 1, 19, 21, 8, 5, 17, 13, 0, 20, 12, 2, 11), 953)
25: ((6, 21, 5, 17, 19, 22, 16, 20, 10, 4, 8, 12, 24, 3, 1, 23, 11, 9, 13, 0, 2, 14, 7, 15, 18), 951)
26: ((21, 24, 14, 7, 15, 18, 2, 4, 16, 3, 6, 5, 17, 23, 19, 10, 1, 0, 12, 22, 20, 11, 8, 9, 13), 950)
27: ((21, 24, 14, 7, 15, 18, 2, 4, 16, 3, 6, 5, 17, 23, 19, 10, 1, 0, 12, 22, 20, 11, 8, 9, 13), 950)
28: ((21, 24, 14, 7, 15, 18, 2, 4, 16, 3, 6, 5, 17, 23, 19, 10, 1, 0, 12, 22, 20, 11, 8, 9, 13), 950)
29: ((21, 24, 14, 7, 15, 18, 2, 4, 16, 3, 6, 5, 17, 23, 19, 10, 1, 0, 12, 22, 20, 11, 8, 9, 13), 950)
30: ((21, 24, 14, 7, 15, 18, 2, 4, 16, 3, 6, 5, 17, 23, 19, 10, 1, 0, 12, 22, 20, 11, 8, 9, 13), 950)
31: ((14, 7, 15, 18, 2, 4, 16, 6, 5, 23, 21, 8, 22, 17, 19, 3, 9, 10, 0, 20, 12, 13, 1, 11, 24), 947)
32: ((14, 7, 15, 18, 2, 4, 16, 6, 5, 23, 21, 8, 22, 17, 19, 3, 9, 10, 0, 20, 12, 13, 1, 11, 24), 947)
33: ((14, 7, 15, 18, 2, 4, 16, 6, 5, 23, 21, 8, 22, 17, 19, 3, 9, 10, 0, 20, 12, 13, 1, 11, 24), 947)
34: ((14, 7, 15, 18, 2, 4, 16, 6, 5, 23, 21, 8, 22, 17, 19, 3, 9, 10, 0, 20, 12, 13, 1, 11, 24), 947)
35: ((14, 7, 15, 18, 2, 4, 16, 6, 5, 23, 21, 8, 22, 17, 19, 3, 9, 10, 0, 20, 12, 13, 1, 11, 24), 947)
36: ((14, 7, 15, 18, 2, 4, 16, 6, 5, 23, 21, 8, 22, 17, 19, 3, 9, 10, 0, 20, 12, 13, 1, 11, 24), 947)
37: ((14, 7, 15, 18, 2, 4, 16, 6, 5, 23, 21, 8, 22, 17, 19, 3, 9, 10, 0, 20, 12, 13, 1, 11, 24), 947)
38: ((14, 7, 15, 18, 2, 4, 16, 6, 5, 23, 21, 8, 22, 17, 19, 3, 9, 10, 0, 20, 12, 13, 1, 11, 24), 947)
39: ((14, 7, 15, 18, 2, 4, 16, 6, 5, 23, 21, 8, 22, 17, 19, 3, 9, 10, 0, 20, 12, 13, 1, 11, 24), 947)
40: ((14, 7, 15, 18, 2, 4, 16, 6, 5, 23, 21, 8, 22, 17, 19, 3, 9, 10, 0, 20, 12, 13, 1, 11, 24), 947)
41: ((14, 7, 15, 18, 2, 4, 16, 6, 5, 23, 21, 8, 22, 17, 19, 3, 9, 10, 0, 20, 12, 13, 1, 11, 24), 947)
42: ((14, 7, 15, 18, 2, 4, 16, 6, 5, 23, 21, 8, 22, 17, 19, 3, 9, 10, 0, 20, 12, 13, 1, 11, 24), 947)
43: ((14, 7, 15, 18, 2, 4, 16, 6, 5, 23, 21, 8, 22, 17, 19, 3, 9, 10, 0, 20, 12, 13, 1, 11, 24), 947)
44: ((14, 7, 15, 18, 2, 4, 16, 6, 5, 23, 21, 8, 22, 17, 19, 3, 9, 10, 0, 20, 12, 13, 1, 11, 24), 947)
45: ((14, 7, 15, 18, 2, 4, 16, 6, 5, 23, 21, 8, 22, 17, 19, 3, 9, 10, 0, 20, 12, 13, 1, 11, 24), 947)
46: ((14, 7, 15, 18, 2, 4, 16, 6, 5, 23, 21, 8, 22, 17, 19, 3, 9, 10, 0, 20, 12, 13, 1, 11, 24), 947)
47: ((14, 7, 15, 18, 2, 4, 16, 6, 5, 23, 21, 8, 22, 17, 19, 3, 9, 10, 0, 20, 12, 13, 1, 11, 24), 947)
48: ((14, 7, 15, 18, 2, 4, 16, 6, 5, 23, 21, 8, 22, 17, 19, 3, 9, 10, 0, 20, 12, 13, 1, 11, 24), 947)
49: ((14, 7, 15, 18, 2, 4, 16, 6, 5, 23, 21, 8, 22, 17, 19, 3, 9, 10, 0, 20, 12, 13, 1, 11, 24), 947)
50: ((14, 7, 15, 18, 2, 4, 16, 6, 5, 23, 21, 8, 22, 17, 19, 3, 9, 10, 0, 20, 12, 13, 1, 11, 24), 947)
51: ((14, 7, 21, 15, 16, 6, 18, 4, 5, 23, 22, 11, 8, 2, 17, 19, 3, 9, 10, 13, 0, 20, 12, 1, 24), 947)
52: ((14, 7, 21, 15, 16, 6, 18, 4, 5, 23, 22, 11, 8, 2, 17, 19, 3, 9, 10, 13, 0, 20, 12, 1, 24), 947)
53: ((14, 7, 21, 15, 16, 6, 18, 4, 5, 23, 22, 11, 8, 2, 17, 19, 3, 9, 10, 13, 0, 20, 12, 1, 24), 947)
54: ((14, 7, 21, 15, 16, 6, 18, 4, 5, 23, 22, 11, 8, 2, 17, 19, 3, 9, 10, 13, 0, 20, 12, 1, 24), 947)
55: ((14, 7, 21, 15, 16, 6, 18, 4, 5, 23, 22, 11, 8, 2, 17, 19, 3, 9, 10, 13, 0, 20, 12, 1, 24), 947)
56: ((14, 7, 21, 15, 16, 6, 18, 4, 5, 23, 22, 11, 8, 2, 17, 19, 3, 9, 10, 13, 0, 20, 12, 1, 24), 947)
57: ((14, 7, 21, 15, 16, 6, 18, 4, 5, 23, 22, 11, 8, 2, 17, 19, 3, 9, 10, 13, 0, 20, 12, 1, 24), 947)
58: ((14, 7, 21, 15, 16, 6, 18, 4, 5, 23, 22, 11, 8, 2, 17, 19, 3, 9, 10, 13, 0, 20, 12, 1, 24), 947)
59: ((14, 7, 21, 15, 16, 6, 18, 4, 5, 23, 22, 11, 8, 2, 17, 19, 3, 9, 10, 13, 0, 20, 12, 1, 24), 947)
60: ((14, 7, 21, 15, 16, 6, 18, 4, 5, 23, 22, 11, 8, 2, 17, 19, 3, 9, 10, 13, 0, 20, 12, 1, 24), 947)
61: ((14, 7, 21, 15, 16, 6, 18, 4, 5, 23, 22, 11, 8, 2, 17, 19, 3, 9, 10, 13, 0, 20, 12, 1, 24), 947)
62: ((14, 7, 21, 15, 16, 6, 18, 4, 5, 23, 22, 11, 8, 2, 17, 19, 3, 9, 10, 13, 0, 20, 12, 1, 24), 947)
63: ((14, 7, 21, 15, 16, 6, 18, 4, 5, 23, 22, 11, 8, 2, 17, 19, 3, 9, 10, 13, 0, 20, 12, 1, 24), 947)
64: ((19, 14, 7, 15, 18, 2, 4, 16, 3, 6, 5, 17, 23, 9, 10, 20, 21, 1, 0, 12, 22, 11, 8, 13, 24), 944)
65: ((19, 14, 7, 15, 18, 2, 4, 16, 3, 6, 5, 17, 23, 9, 10, 20, 21, 1, 0, 12, 22, 11, 8, 13, 24), 944)
66: ((19, 14, 7, 15, 18, 2, 4, 16, 3, 6, 5, 17, 23, 9, 10, 20, 21, 1, 0, 12, 22, 11, 8, 13, 24), 944)
67: ((19, 14, 7, 15, 18, 2, 4, 16, 3, 6, 5, 17, 23, 9, 10, 20, 21, 1, 0, 12, 22, 11, 8, 13, 24), 944)
68: ((14, 7, 15, 18, 16, 6, 5, 8, 17, 22, 12, 4, 19, 21, 20, 23, 3, 1, 24, 9, 13, 10, 0, 11, 2), 947)
69: ((14, 7, 15, 18, 16, 6, 5, 8, 17, 22, 12, 4, 19, 21, 20, 23, 3, 1, 24, 9, 13, 10, 0, 11, 2), 947)
70: ((14, 7, 8, 4, 18, 16, 15, 13, 22, 23, 1, 9, 5, 3, 10, 19, 17, 24, 12, 11, 6, 20, 21, 2, 0), 947)
71: ((14, 7, 15, 8, 16, 6, 5, 21, 4, 17, 18, 23, 19, 20, 11, 24, 22, 2, 3, 9, 13, 10, 0, 1, 12), 944)
72: ((14, 7, 15, 8, 16, 6, 5, 21, 4, 17, 18, 23, 19, 20, 11, 24, 22, 2, 3, 9, 13, 10, 0, 1, 12), 944)
73: ((14, 7, 15, 8, 16, 6, 5, 21, 4, 17, 18, 23, 19, 20, 11, 24, 22, 2, 3, 9, 13, 10, 0, 1, 12), 944)
74: ((14, 7, 15, 8, 16, 6, 5, 21, 4, 17, 18, 23, 19, 20, 11, 24, 22, 2, 3, 9, 13, 10, 0, 1, 12), 944)
75: ((14, 7, 15, 8, 16, 6, 5, 21, 4, 17, 18, 23, 19, 20, 11, 24, 22, 2, 3, 9, 13, 10, 0, 1, 12), 944)
76: ((14, 7, 15, 8, 16, 6, 5, 21, 4, 17, 18, 23, 19, 20, 11, 24, 22, 2, 3, 9, 13, 10, 0, 1, 12), 944)
77: ((14, 7, 15, 8, 16, 6, 5, 21, 4, 17, 18, 23, 19, 20, 11, 24, 22, 2, 3, 9, 13, 10, 0, 1, 12), 944)
78: ((14, 7, 15, 8, 16, 6, 5, 21, 4, 17, 18, 23, 19, 20, 11, 24, 22, 2, 3, 9, 13, 10, 0, 1, 12), 944)
79: ((14, 7, 15, 8, 16, 6, 5, 21, 4, 17, 18, 23, 19, 20, 11, 24, 22, 2, 3, 9, 13, 10, 0, 1, 12), 944)
80: ((14, 7, 15, 8, 16, 6, 5, 21, 4, 17, 18, 23, 19, 20, 11, 24, 22, 2, 3, 9, 13, 10, 0, 1, 12), 944)
81: ((14, 7, 15, 8, 16, 6, 5, 21, 4, 17, 18, 23, 19, 20, 11, 24, 22, 2, 3, 9, 13, 10, 0, 1, 12), 944)
82: ((14, 7, 15, 8, 16, 6, 5, 21, 4, 17, 18, 23, 19, 20, 11, 24, 22, 2, 3, 9, 13, 10, 0, 1, 12), 944)
83: ((21, 14, 7, 15, 18, 2, 4, 16, 6, 5, 17, 23, 19, 10, 3, 8, 22, 9, 13, 0, 24, 1, 12, 20, 11), 944)
84: ((21, 14, 7, 15, 18, 2, 4, 16, 6, 5, 17, 23, 19, 10, 3, 8, 22, 9, 13, 0, 24, 1, 12, 20, 11), 944)
85: ((21, 14, 7, 15, 18, 2, 4, 16, 6, 5, 17, 23, 19, 10, 3, 8, 22, 9, 13, 0, 24, 1, 12, 20, 11), 944)
86: ((21, 14, 7, 15, 18, 2, 4, 16, 6, 5, 17, 23, 19, 10, 3, 8, 22, 9, 13, 0, 24, 1, 12, 20, 11), 944)
87: ((21, 14, 7, 15, 18, 2, 4, 16, 6, 5, 17, 23, 19, 10, 3, 8, 22, 9, 13, 0, 24, 1, 12, 20, 11), 944)
88: ((21, 14, 7, 15, 18, 2, 4, 16, 6, 5, 17, 23, 19, 10, 3, 8, 22, 9, 13, 0, 24, 1, 12, 20, 11), 944)
89: ((21, 14, 7, 15, 18, 2, 4, 16, 6, 5, 17, 23, 19, 10, 3, 8, 22, 9, 13, 0, 24, 1, 12, 20, 11), 944)
90: ((21, 14, 7, 15, 18, 2, 4, 16, 6, 5, 17, 23, 19, 10, 3, 8, 22, 9, 13, 0, 24, 1, 12, 20, 11), 944)
91: ((21, 14, 7, 15, 18, 2, 4, 16, 6, 5, 17, 23, 19, 10, 3, 8, 22, 9, 13, 0, 24, 1, 12, 20, 11), 944)
92: ((21, 14, 7, 15, 18, 2, 4, 16, 6, 5, 17, 23, 19, 10, 3, 8, 22, 9, 13, 0, 24, 1, 12, 20, 11), 944)
93: ((21, 14, 7, 15, 18, 2, 4, 16, 6, 5, 17, 23, 19, 10, 3, 8, 22, 9, 13, 0, 24, 1, 12, 20, 11), 944)
94: ((21, 14, 7, 15, 18, 2, 4, 16, 6, 5, 17, 23, 19, 10, 3, 8, 22, 9, 13, 0, 24, 1, 12, 20, 11), 944)
95: ((14, 7, 15, 16, 3, 19, 6, 5, 21, 4, 17, 18, 12, 9, 10, 23, 22, 8, 1, 13, 20, 0, 2, 11, 24), 944)
Best: ((19, 14, 7, 15, 18, 2, 4, 16, 3, 6, 5, 17, 23, 9, 10, 20, 21, 1, 0, 12, 22, 11, 8, 13, 24), 944)
Runtime: 205.6732204 s