Generations:
0: ((6, 21, 13, 5, 9, 10, 18, 22, 2, 23, 3, 24, 17, 4, 8, 0, 19, 12, 15, 20, 7, 14, 11, 16, 1), 1078)
1: ((9, 21, 19, 7, 11, 6, 4, 24, 1, 14, 16, 8, 0, 3, 10, 22, 17, 5, 20, 13, 12, 2, 18, 23, 15), 1041)
2: ((13, 21, 2, 9, 19, 7, 11, 1, 16, 23, 12, 5, 17, 24, 0, 8, 20, 3, 15, 6, 4, 14, 22, 10, 18), 998)
3: ((13, 21, 2, 9, 19, 7, 11, 1, 16, 23, 12, 5, 17, 24, 0, 8, 20, 3, 15, 6, 4, 14, 22, 10, 18), 998)
4: ((13, 21, 2, 9, 19, 7, 11, 1, 16, 23, 12, 5, 17, 24, 0, 8, 20, 3, 15, 6, 4, 14, 22, 10, 18), 998)
5: ((13, 14, 21, 19, 7, 11, 1, 16, 23, 12, 5, 17, 24, 4, 9, 8, 6, 0, 2, 20, 18, 10, 15, 22, 3), 970)
6: ((13, 14, 21, 19, 7, 11, 1, 16, 23, 12, 5, 17, 24, 4, 9, 8, 6, 0, 2, 20, 18, 10, 15, 22, 3), 970)
7: ((13, 14, 21, 19, 7, 11, 1, 16, 23, 12, 5, 17, 24, 4, 9, 8, 6, 0, 2, 20, 18, 10, 15, 22, 3), 970)
8: ((13, 14, 21, 19, 7, 11, 1, 16, 23, 12, 5, 17, 24, 4, 9, 8, 6, 0, 2, 20, 18, 10, 15, 22, 3), 970)
9: ((13, 14, 21, 19, 7, 11, 1, 16, 23, 12, 5, 17, 24, 4, 9, 8, 6, 0, 2, 20, 18, 10, 15, 22, 3), 970)
10: ((13, 14, 21, 19, 7, 11, 1, 16, 23, 12, 5, 17, 24, 4, 9, 8, 6, 0, 2, 20, 18, 10, 15, 22, 3), 970)
11: ((13, 14, 21, 19, 7, 11, 1, 16, 23, 12, 5, 17, 24, 4, 9, 8, 6, 0, 2, 20, 18, 10, 15, 22, 3), 970)
12: ((13, 14, 21, 19, 7, 11, 1, 16, 23, 12, 5, 17, 24, 4, 9, 8, 6, 0, 2, 20, 18, 10, 15, 22, 3), 970)
13: ((13, 14, 21, 19, 7, 11, 1, 16, 23, 12, 5, 17, 24, 4, 9, 8, 6, 0, 2, 20, 18, 10, 15, 22, 3), 970)
14: ((13, 14, 21, 19, 7, 11, 1, 16, 23, 12, 5, 17, 24, 4, 9, 8, 6, 0, 2, 20, 18, 10, 15, 22, 3), 970)
15: ((13, 14, 21, 19, 7, 11, 1, 16, 23, 12, 5, 17, 24, 4, 9, 8, 6, 0, 2, 20, 18, 10, 15, 22, 3), 970)
16: ((13, 14, 21, 19, 7, 11, 1, 16, 23, 12, 5, 17, 24, 4, 9, 8, 6, 0, 2, 20, 18, 10, 15, 22, 3), 954)
17: ((13, 14, 21, 19, 7, 11, 1, 16, 23, 12, 5, 17, 24, 4, 9, 8, 6, 0, 2, 20, 18, 10, 15, 22, 3), 954)
18: ((13, 14, 21, 19, 7, 11, 1, 16, 23, 12, 5, 17, 24, 4, 9, 8, 6, 0, 2, 20, 18, 10, 15, 22, 3), 954)
19: ((13, 14, 21, 19, 7, 11, 1, 16, 23, 12, 5, 17, 24, 4, 9, 8, 6, 0, 2, 20, 18, 10, 15, 22, 3), 954)
20: ((13, 14, 21, 19, 7, 11, 1, 16, 23, 12, 5, 17, 24, 4, 9, 8, 6, 0, 2, 20, 18, 10, 15, 22, 3), 954)
21: ((14, 19, 7, 10, 17, 16, 20, 8, 6, 0, 3, 11, 5, 2, 4, 1, 24, 21, 23, 18, 22, 15, 9, 13, 12), 941)
22: ((14, 19, 7, 10, 17, 16, 20, 8, 6, 0, 3, 11, 5, 2, 4, 1, 24, 21, 23, 18, 22, 15, 9, 13, 12), 941)
23: ((14, 19, 7, 10, 17, 16, 20, 8, 6, 0, 3, 11, 5, 2, 4, 1, 24, 21, 23, 18, 22, 15, 9, 13, 12), 941)
24: ((14, 19, 7, 10, 17, 16, 20, 8, 6, 0, 3, 11, 5, 2, 4, 1, 24, 21, 23, 18, 22, 15, 9, 13, 12), 941)
25: ((14, 19, 7, 10, 17, 16, 20, 8, 6, 0, 3, 11, 5, 2, 4, 1, 24, 21, 23, 18, 22, 15, 9, 13, 12), 941)
26: ((14, 19, 7, 10, 17, 16, 20, 8, 6, 0, 3, 11, 5, 2, 4, 1, 24, 21, 23, 18, 22, 15, 9, 13, 12), 941)
27: ((14, 19, 7, 10, 17, 16, 20, 8, 6, 0, 3, 11, 5, 2, 4, 1, 24, 21, 23, 18, 22, 15, 9, 13, 12), 941)
28: ((14, 19, 7, 10, 17, 16, 20, 8, 6, 0, 3, 11, 5, 2, 4, 1, 24, 21, 23, 18, 22, 15, 9, 13, 12), 941)
29: ((14, 19, 7, 10, 17, 16, 20, 8, 6, 0, 3, 11, 5, 2, 4, 1, 24, 21, 23, 18, 22, 15, 9, 13, 12), 941)
30: ((14, 19, 7, 10, 17, 16, 20, 8, 6, 0, 3, 11, 5, 2, 4, 1, 24, 21, 23, 18, 22, 15, 9, 13, 12), 941)
31: ((14, 19, 7, 10, 17, 16, 20, 8, 6, 0, 3, 11, 5, 2, 4, 1, 24, 21, 23, 18, 22, 15, 9, 13, 12), 941)
32: ((14, 19, 7, 10, 17, 16, 20, 8, 6, 0, 3, 11, 5, 2, 4, 1, 24, 21, 23, 18, 22, 15, 9, 13, 12), 941)
33: ((14, 19, 7, 10, 17, 16, 20, 8, 6, 0, 3, 11, 5, 2, 4, 1, 24, 21, 23, 18, 22, 15, 9, 13, 12), 941)
34: ((14, 19, 7, 10, 17, 16, 20, 8, 6, 0, 3, 11, 5, 2, 4, 1, 24, 21, 23, 18, 22, 15, 9, 13, 12), 941)
35: ((14, 19, 7, 10, 17, 16, 20, 8, 6, 0, 3, 11, 5, 2, 4, 1, 24, 21, 23, 18, 22, 15, 9, 13, 12), 941)
36: ((14, 19, 7, 10, 17, 16, 20, 8, 6, 0, 3, 11, 5, 2, 4, 1, 24, 21, 23, 18, 22, 15, 9, 13, 12), 941)
37: ((14, 19, 7, 10, 17, 16, 20, 8, 6, 0, 3, 11, 5, 2, 4, 1, 24, 21, 23, 18, 22, 15, 9, 13, 12), 941)
38: ((14, 19, 7, 10, 17, 16, 20, 8, 6, 0, 3, 11, 5, 2, 4, 1, 24, 21, 23, 18, 22, 15, 9, 13, 12), 941)
39: ((14, 19, 7, 10, 17, 16, 20, 8, 6, 0, 3, 11, 5, 2, 4, 1, 24, 21, 23, 18, 22, 15, 9, 13, 12), 941)
40: ((14, 19, 7, 10, 17, 16, 20, 8, 6, 0, 3, 11, 5, 2, 4, 1, 24, 21, 23, 18, 22, 15, 9, 13, 12), 941)
41: ((14, 19, 7, 10, 17, 16, 20, 8, 6, 0, 3, 11, 5, 2, 4, 1, 24, 21, 23, 18, 22, 15, 9, 13, 12), 941)
42: ((14, 19, 7, 10, 17, 16, 20, 8, 6, 0, 3, 11, 5, 2, 4, 1, 24, 21, 23, 18, 22, 15, 9, 13, 12), 941)
43: ((14, 19, 7, 10, 17, 16, 20, 8, 6, 0, 3, 11, 5, 2, 4, 1, 24, 21, 23, 18, 22, 15, 9, 13, 12), 941)
44: ((14, 19, 7, 10, 17, 16, 20, 8, 6, 0, 3, 11, 5, 2, 4, 1, 24, 21, 23, 18, 22, 15, 9, 13, 12), 941)
45: ((14, 19, 7, 10, 17, 16, 20, 8, 6, 0, 3, 11, 5, 2, 4, 1, 24, 21, 23, 18, 22, 15, 9, 13, 12), 941)
46: ((14, 19, 7, 10, 17, 16, 20, 8, 6, 0, 3, 11, 5, 2, 4, 1, 24, 21, 23, 18, 22, 15, 9, 13, 12), 941)
47: ((14, 19, 7, 10, 17, 16, 8, 6, 5, 24, 2, 20, 11, 4, 1, 0, 3, 15, 18, 22, 13, 12, 9, 23, 21), 938)
48: ((14, 19, 7, 10, 17, 16, 8, 6, 5, 24, 2, 20, 11, 4, 1, 0, 3, 15, 18, 22, 13, 12, 9, 23, 21), 938)
49: ((14, 19, 7, 10, 17, 16, 8, 6, 5, 24, 2, 20, 11, 4, 1, 0, 3, 15, 18, 22, 13, 12, 9, 23, 21), 938)
50: ((14, 19, 7, 10, 17, 16, 8, 6, 5, 24, 2, 20, 11, 4, 1, 0, 3, 15, 18, 22, 13, 12, 9, 23, 21), 938)
51: ((21, 2, 11, 9, 19, 7, 10, 24, 17, 18, 6, 16, 20, 8, 4, 0, 1, 22, 5, 15, 13, 12, 23, 3, 14), 935)
52: ((21, 2, 11, 9, 19, 7, 10, 24, 17, 18, 6, 16, 20, 8, 4, 0, 1, 22, 5, 15, 13, 12, 23, 3, 14), 935)
53: ((21, 2, 11, 9, 19, 7, 10, 24, 17, 18, 6, 16, 20, 8, 4, 0, 1, 22, 5, 15, 13, 12, 23, 3, 14), 935)
54: ((21, 2, 11, 9, 19, 7, 10, 24, 17, 18, 6, 16, 20, 8, 4, 0, 1, 22, 5, 15, 13, 12, 23, 3, 14), 935)
55: ((21, 2, 11, 9, 19, 7, 10, 24, 17, 18, 6, 16, 20, 8, 4, 0, 1, 22, 5, 15, 13, 12, 23, 3, 14), 935)
56: ((21, 2, 11, 9, 19, 7, 10, 24, 17, 18, 6, 16, 20, 8, 4, 0, 1, 22, 5, 15, 13, 12, 23, 3, 14), 935)
57: ((21, 2, 11, 9, 19, 7, 10, 24, 17, 18, 6, 16, 20, 8, 4, 0, 1, 22, 5, 15, 13, 12, 23, 3, 14), 935)
58: ((21, 2, 11, 9, 19, 7, 10, 24, 17, 18, 6, 16, 20, 8, 4, 0, 1, 22, 5, 15, 13, 12, 23, 3, 14), 935)
59: ((21, 2, 11, 9, 19, 7, 10, 24, 17, 18, 6, 16, 20, 8, 4, 0, 1, 22, 5, 15, 13, 12, 23, 3, 14), 935)
60: ((21, 2, 11, 9, 19, 7, 10, 24, 17, 18, 6, 16, 20, 8, 4, 0, 1, 22, 5, 15, 13, 12, 23, 3, 14), 935)
61: ((21, 2, 11, 9, 19, 7, 10, 24, 17, 18, 6, 16, 20, 8, 4, 0, 1, 22, 5, 15, 13, 12, 23, 3, 14), 935)
62: ((21, 2, 11, 9, 19, 7, 10, 24, 17, 18, 6, 16, 20, 8, 4, 0, 1, 22, 5, 15, 13, 12, 23, 3, 14), 935)
63: ((21, 2, 11, 9, 19, 7, 10, 24, 17, 18, 6, 16, 20, 8, 4, 0, 1, 22, 5, 15, 13, 12, 23, 3, 14), 935)
64: ((21, 2, 11, 9, 19, 7, 10, 24, 17, 18, 6, 16, 20, 8, 4, 0, 1, 22, 5, 15, 13, 12, 23, 3, 14), 935)
65: ((21, 2, 11, 9, 19, 7, 10, 24, 17, 18, 6, 16, 20, 8, 4, 0, 1, 22, 5, 15, 13, 12, 23, 3, 14), 935)
66: ((21, 2, 11, 9, 19, 7, 10, 24, 17, 18, 6, 16, 20, 8, 4, 0, 1, 22, 5, 15, 13, 12, 23, 3, 14), 935)
67: ((21, 2, 11, 9, 19, 7, 10, 24, 17, 18, 6, 16, 20, 8, 4, 0, 1, 22, 5, 15, 13, 12, 23, 3, 14), 935)
68: ((21, 2, 11, 9, 19, 7, 10, 24, 17, 18, 6, 16, 20, 8, 4, 0, 1, 22, 5, 15, 13, 12, 23, 3, 14), 935)
69: ((21, 2, 11, 9, 19, 7, 10, 24, 17, 18, 6, 16, 20, 8, 4, 0, 1, 22, 5, 15, 13, 12, 23, 3, 14), 935)
70: ((21, 2, 11, 9, 19, 7, 10, 24, 17, 18, 6, 16, 20, 8, 4, 0, 1, 22, 5, 15, 13, 12, 23, 3, 14), 935)
71: ((21, 2, 11, 9, 19, 7, 10, 24, 17, 18, 6, 16, 20, 8, 4, 0, 1, 22, 5, 15, 13, 12, 23, 3, 14), 935)
72: ((21, 2, 11, 9, 19, 7, 10, 24, 17, 18, 6, 16, 20, 8, 4, 0, 1, 22, 5, 15, 13, 12, 23, 3, 14), 935)
73: ((21, 2, 11, 9, 19, 7, 10, 24, 17, 18, 6, 16, 20, 8, 4, 0, 1, 22, 5, 15, 13, 12, 23, 3, 14), 935)
74: ((21, 2, 11, 9, 19, 7, 10, 24, 17, 18, 6, 16, 20, 8, 4, 0, 1, 22, 5, 15, 13, 12, 23, 3, 14), 935)
75: ((21, 2, 11, 9, 19, 7, 10, 24, 17, 18, 6, 16, 20, 8, 4, 0, 1, 22, 5, 15, 13, 12, 23, 3, 14), 935)
76: ((21, 2, 11, 9, 19, 7, 10, 24, 17, 18, 6, 16, 20, 8, 4, 0, 1, 22, 5, 15, 13, 12, 23, 3, 14), 935)
77: ((21, 2, 11, 9, 19, 7, 10, 24, 17, 18, 6, 16, 20, 8, 4, 0, 1, 22, 5, 15, 13, 12, 23, 3, 14), 935)
78: ((21, 2, 11, 9, 19, 7, 10, 24, 17, 18, 6, 16, 20, 8, 4, 0, 1, 22, 5, 15, 13, 12, 23, 3, 14), 935)
79: ((21, 2, 11, 9, 19, 7, 10, 24, 17, 18, 6, 16, 20, 8, 4, 0, 1, 22, 5, 15, 13, 12, 23, 3, 14), 935)
80: ((21, 2, 11, 9, 19, 7, 10, 24, 17, 18, 6, 16, 20, 8, 4, 0, 1, 22, 5, 15, 13, 12, 23, 3, 14), 935)
81: ((21, 2, 11, 9, 19, 7, 10, 24, 17, 18, 6, 16, 20, 8, 4, 0, 1, 22, 5, 15, 13, 12, 23, 3, 14), 935)
82: ((21, 2, 11, 9, 19, 7, 10, 24, 17, 18, 6, 16, 20, 8, 4, 0, 1, 22, 5, 15, 13, 12, 23, 3, 14), 935)
83: ((21, 2, 11, 9, 19, 7, 10, 24, 17, 18, 6, 16, 20, 8, 4, 0, 1, 22, 5, 15, 13, 12, 23, 3, 14), 935)
84: ((21, 9, 19, 7, 10, 24, 17, 18, 6, 16, 20, 8, 4, 0, 1, 5, 23, 2, 22, 15, 13, 12, 3, 14, 11), 935)
85: ((21, 9, 19, 7, 10, 24, 17, 18, 6, 16, 20, 8, 4, 0, 1, 5, 23, 2, 22, 15, 13, 12, 3, 14, 11), 935)
86: ((21, 9, 19, 7, 10, 24, 17, 18, 6, 16, 20, 8, 4, 0, 1, 5, 23, 2, 22, 15, 13, 12, 3, 14, 11), 935)
87: ((21, 9, 19, 7, 10, 24, 17, 18, 6, 16, 20, 8, 4, 0, 1, 5, 23, 2, 22, 15, 13, 12, 3, 14, 11), 935)
88: ((21, 9, 19, 7, 10, 24, 17, 18, 6, 16, 20, 8, 4, 0, 1, 5, 23, 2, 22, 15, 13, 12, 3, 14, 11), 935)
89: ((21, 9, 19, 7, 10, 24, 17, 18, 6, 16, 20, 8, 4, 0, 1, 5, 23, 2, 22, 15, 13, 12, 3, 14, 11), 935)
90: ((21, 9, 19, 7, 10, 24, 17, 18, 6, 16, 20, 8, 4, 0, 1, 5, 23, 2, 22, 15, 13, 12, 3, 14, 11), 935)
91: ((21, 9, 19, 7, 10, 24, 17, 18, 6, 16, 20, 8, 4, 0, 1, 5, 23, 2, 22, 15, 13, 12, 3, 14, 11), 935)
92: ((21, 9, 19, 7, 10, 24, 17, 18, 6, 16, 20, 8, 4, 0, 1, 5, 23, 2, 22, 15, 13, 12, 3, 14, 11), 935)
93: ((21, 9, 19, 7, 10, 24, 17, 18, 6, 16, 20, 8, 4, 0, 1, 5, 23, 2, 22, 15, 13, 12, 3, 14, 11), 935)
94: ((21, 9, 19, 7, 10, 24, 17, 18, 6, 16, 20, 8, 4, 0, 1, 5, 23, 2, 22, 15, 13, 12, 3, 14, 11), 935)
95: ((21, 9, 19, 7, 10, 24, 17, 18, 6, 16, 20, 8, 4, 0, 1, 5, 23, 2, 22, 15, 13, 12, 3, 14, 11), 935)
Best: ((21, 2, 11, 9, 19, 7, 10, 24, 17, 18, 6, 16, 20, 8, 4, 0, 1, 22, 5, 15, 13, 12, 23, 3, 14), 935)
Runtime: 184.3945145 s