Generations:
0: ((14, 7, 4, 8, 18, 21, 2, 17, 22, 15, 0, 6, 9, 24, 3, 13, 16, 19, 12, 10, 1, 5, 20, 11, 23), 978)
1: ((14, 7, 4, 8, 18, 21, 2, 17, 22, 15, 0, 6, 9, 24, 3, 13, 16, 19, 12, 10, 1, 5, 20, 11, 23), 978)
2: ((14, 7, 4, 8, 18, 21, 2, 17, 22, 15, 0, 6, 9, 24, 3, 13, 16, 19, 12, 10, 1, 5, 20, 11, 23), 978)
3: ((14, 7, 4, 8, 18, 21, 2, 17, 22, 15, 0, 6, 9, 24, 3, 13, 16, 19, 12, 10, 1, 5, 20, 11, 23), 978)
4: ((14, 7, 4, 8, 18, 21, 2, 17, 22, 15, 0, 6, 9, 24, 3, 13, 16, 19, 12, 10, 1, 5, 20, 11, 23), 978)
5: ((14, 7, 4, 8, 18, 21, 2, 17, 22, 15, 0, 6, 9, 24, 3, 13, 16, 19, 12, 10, 1, 5, 20, 11, 23), 978)
6: ((14, 7, 4, 8, 18, 21, 2, 17, 22, 15, 0, 6, 9, 24, 3, 13, 16, 19, 12, 10, 1, 5, 20, 11, 23), 978)
7: ((14, 7, 4, 8, 18, 21, 2, 17, 22, 15, 0, 6, 9, 24, 3, 13, 16, 19, 12, 10, 1, 5, 20, 11, 23), 978)
8: ((14, 7, 4, 8, 18, 21, 2, 17, 22, 15, 0, 6, 9, 24, 3, 13, 16, 19, 12, 10, 1, 5, 20, 11, 23), 978)
9: ((14, 7, 4, 8, 18, 21, 2, 17, 22, 15, 0, 6, 9, 24, 3, 13, 16, 19, 12, 10, 1, 5, 20, 11, 23), 978)
10: ((14, 7, 4, 8, 18, 21, 2, 17, 22, 15, 0, 6, 9, 24, 3, 13, 16, 19, 12, 10, 1, 5, 20, 11, 23), 978)
11: ((14, 7, 4, 8, 18, 21, 2, 17, 22, 15, 0, 6, 9, 24, 3, 13, 16, 19, 12, 10, 1, 5, 20, 11, 23), 978)
12: ((14, 7, 4, 8, 18, 21, 2, 17, 22, 15, 0, 6, 9, 24, 3, 13, 16, 19, 12, 10, 1, 5, 20, 11, 23), 978)
13: ((14, 7, 4, 8, 18, 21, 2, 17, 22, 15, 0, 6, 9, 24, 3, 13, 16, 19, 12, 10, 1, 5, 20, 11, 23), 978)
14: ((14, 7, 4, 8, 18, 21, 2, 17, 22, 15, 0, 6, 9, 24, 3, 13, 16, 19, 12, 10, 1, 5, 20, 11, 23), 978)
15: ((14, 22, 7, 12, 8, 18, 16, 10, 19, 3, 24, 2, 11, 21, 17, 15, 23, 5, 4, 0, 20, 9, 13, 1, 6), 972)
16: ((14, 22, 7, 12, 8, 18, 16, 10, 19, 3, 24, 2, 11, 21, 17, 15, 23, 5, 4, 0, 20, 9, 13, 1, 6), 972)
17: ((14, 22, 7, 12, 8, 18, 16, 10, 19, 3, 24, 2, 11, 21, 17, 15, 23, 5, 4, 0, 20, 9, 13, 1, 6), 972)
18: ((14, 22, 7, 12, 8, 18, 16, 10, 19, 3, 24, 2, 11, 21, 17, 15, 23, 5, 4, 0, 20, 9, 13, 1, 6), 972)
19: ((14, 22, 7, 12, 8, 18, 16, 10, 19, 3, 24, 2, 11, 21, 17, 15, 23, 5, 4, 0, 20, 9, 13, 1, 6), 972)
20: ((14, 22, 7, 12, 8, 18, 16, 10, 19, 3, 24, 2, 11, 21, 17, 15, 23, 5, 4, 0, 20, 9, 13, 1, 6), 972)
21: ((14, 22, 7, 12, 8, 18, 16, 10, 19, 3, 24, 2, 11, 21, 17, 15, 23, 5, 4, 0, 20, 9, 13, 1, 6), 972)
22: ((14, 22, 7, 12, 8, 18, 16, 10, 19, 3, 24, 2, 11, 21, 17, 15, 23, 5, 4, 0, 20, 9, 13, 1, 6), 972)
23: ((14, 22, 7, 12, 8, 18, 16, 10, 19, 3, 24, 2, 11, 21, 17, 15, 23, 5, 4, 0, 20, 9, 13, 1, 6), 972)
24: ((14, 22, 7, 12, 8, 18, 16, 10, 19, 3, 24, 2, 11, 21, 17, 15, 23, 5, 4, 0, 20, 9, 13, 1, 6), 972)
25: ((14, 22, 7, 12, 8, 18, 16, 10, 19, 3, 24, 2, 11, 21, 17, 15, 23, 5, 4, 0, 20, 9, 13, 1, 6), 972)
26: ((14, 22, 7, 12, 8, 18, 16, 10, 19, 3, 24, 2, 11, 21, 17, 15, 23, 5, 4, 0, 20, 9, 13, 1, 6), 972)
27: ((14, 22, 7, 12, 8, 18, 16, 10, 19, 3, 24, 2, 11, 21, 17, 15, 23, 5, 4, 0, 20, 9, 13, 1, 6), 972)
28: ((14, 22, 7, 12, 8, 18, 16, 10, 19, 3, 24, 2, 11, 21, 17, 15, 23, 5, 4, 0, 20, 9, 13, 1, 6), 972)
29: ((14, 22, 7, 12, 8, 18, 16, 10, 19, 3, 24, 2, 11, 21, 17, 15, 23, 5, 4, 0, 20, 9, 13, 1, 6), 972)
30: ((14, 22, 7, 12, 8, 18, 16, 10, 19, 3, 24, 2, 11, 21, 17, 15, 23, 5, 4, 0, 20, 9, 13, 1, 6), 972)
31: ((5, 22, 20, 14, 7, 21, 16, 0, 12, 15, 6, 17, 10, 8, 3, 11, 2, 18, 24, 19, 23, 9, 13, 1, 4), 958)
32: ((5, 22, 20, 14, 7, 21, 16, 0, 12, 15, 6, 17, 10, 8, 3, 11, 2, 18, 24, 19, 23, 9, 13, 1, 4), 958)
33: ((5, 22, 20, 14, 7, 21, 16, 0, 12, 15, 6, 17, 10, 8, 3, 11, 2, 18, 24, 19, 23, 9, 13, 1, 4), 958)
34: ((5, 22, 20, 14, 7, 21, 16, 0, 12, 15, 6, 17, 10, 8, 3, 11, 2, 18, 24, 19, 23, 9, 13, 1, 4), 958)
35: ((5, 22, 20, 14, 7, 21, 16, 0, 12, 15, 6, 17, 10, 8, 3, 11, 2, 18, 24, 19, 23, 9, 13, 1, 4), 958)
36: ((2, 14, 7, 16, 11, 6, 18, 8, 24, 19, 12, 3, 22, 15, 20, 5, 4, 0, 23, 9, 13, 10, 21, 1, 17), 958)
37: ((2, 14, 7, 16, 11, 6, 18, 8, 24, 19, 12, 3, 22, 15, 20, 5, 4, 0, 23, 9, 13, 10, 21, 1, 17), 958)
38: ((2, 14, 7, 16, 11, 6, 18, 8, 24, 19, 12, 3, 22, 15, 20, 5, 4, 0, 23, 9, 13, 10, 21, 1, 17), 958)
39: ((14, 7, 16, 11, 6, 18, 8, 24, 19, 12, 3, 15, 20, 5, 4, 0, 23, 22, 17, 9, 13, 10, 21, 1, 2), 950)
40: ((14, 7, 16, 11, 6, 18, 8, 24, 19, 12, 3, 15, 20, 5, 4, 0, 23, 22, 17, 9, 13, 10, 21, 1, 2), 950)
41: ((14, 7, 16, 11, 6, 18, 8, 24, 19, 12, 3, 15, 20, 5, 4, 0, 23, 22, 17, 9, 13, 10, 21, 1, 2), 950)
42: ((5, 14, 7, 16, 0, 18, 19, 4, 20, 15, 23, 8, 10, 17, 2, 12, 1, 3, 11, 22, 9, 6, 13, 21, 24), 955)
43: ((14, 7, 16, 19, 6, 4, 8, 1, 3, 18, 20, 17, 24, 15, 22, 0, 21, 2, 13, 5, 12, 10, 11, 23, 9), 942)
44: ((14, 7, 16, 19, 6, 4, 8, 1, 3, 18, 20, 17, 24, 15, 22, 0, 21, 2, 13, 5, 12, 10, 11, 23, 9), 942)
45: ((14, 7, 16, 19, 6, 4, 8, 1, 3, 18, 20, 17, 24, 15, 22, 0, 21, 2, 13, 5, 12, 10, 11, 23, 9), 942)
46: ((14, 7, 16, 19, 6, 4, 8, 1, 3, 18, 20, 17, 24, 15, 22, 0, 21, 2, 13, 5, 12, 10, 11, 23, 9), 942)
47: ((14, 7, 16, 19, 6, 4, 8, 1, 3, 18, 20, 17, 24, 15, 22, 0, 21, 2, 13, 5, 12, 10, 11, 23, 9), 942)
48: ((14, 7, 16, 19, 6, 4, 8, 1, 3, 18, 20, 17, 24, 15, 22, 0, 21, 2, 13, 5, 12, 10, 11, 23, 9), 942)
49: ((14, 7, 16, 19, 6, 4, 8, 1, 3, 18, 20, 17, 24, 15, 22, 0, 21, 2, 13, 5, 12, 10, 11, 23, 9), 942)
50: ((14, 7, 16, 19, 6, 4, 8, 1, 3, 18, 20, 17, 24, 15, 22, 0, 21, 2, 13, 5, 12, 10, 11, 23, 9), 942)
51: ((14, 7, 16, 19, 6, 4, 8, 1, 3, 18, 20, 17, 24, 15, 22, 0, 21, 2, 13, 5, 12, 10, 11, 23, 9), 942)
52: ((14, 7, 16, 19, 6, 4, 8, 1, 3, 18, 20, 17, 24, 15, 22, 0, 21, 2, 13, 5, 12, 10, 11, 23, 9), 942)
53: ((14, 7, 16, 19, 6, 4, 8, 1, 3, 18, 20, 17, 24, 15, 22, 0, 21, 2, 13, 5, 12, 10, 11, 23, 9), 942)
54: ((14, 7, 16, 19, 6, 4, 8, 1, 3, 18, 20, 17, 24, 15, 22, 0, 21, 2, 13, 5, 12, 10, 11, 23, 9), 942)
55: ((14, 7, 16, 19, 6, 4, 8, 1, 3, 18, 20, 17, 24, 15, 22, 0, 21, 2, 13, 5, 12, 10, 11, 23, 9), 942)
56: ((5, 14, 7, 16, 0, 18, 19, 20, 15, 23, 4, 1, 10, 2, 8, 3, 17, 12, 11, 22, 9, 6, 13, 21, 24), 944)
57: ((5, 14, 7, 16, 0, 18, 19, 20, 15, 23, 4, 1, 10, 2, 8, 3, 17, 12, 11, 22, 9, 6, 13, 21, 24), 944)
58: ((5, 14, 7, 16, 0, 18, 19, 20, 15, 23, 4, 1, 10, 2, 8, 3, 17, 12, 11, 22, 9, 6, 13, 21, 24), 944)
59: ((5, 14, 7, 16, 0, 18, 19, 20, 15, 23, 4, 1, 10, 2, 8, 3, 17, 12, 11, 22, 9, 6, 13, 21, 24), 944)
60: ((5, 14, 7, 16, 0, 18, 19, 20, 15, 23, 4, 1, 10, 2, 8, 3, 17, 12, 11, 22, 9, 6, 13, 21, 24), 944)
61: ((5, 14, 7, 16, 0, 18, 19, 20, 15, 23, 4, 1, 10, 2, 8, 3, 17, 12, 11, 22, 9, 6, 13, 21, 24), 944)
62: ((5, 14, 7, 16, 0, 18, 19, 20, 15, 23, 4, 1, 10, 2, 8, 3, 17, 12, 11, 22, 9, 6, 13, 21, 24), 944)
63: ((5, 14, 7, 16, 0, 18, 19, 20, 15, 23, 4, 1, 10, 2, 8, 3, 17, 12, 11, 22, 9, 6, 13, 21, 24), 944)
64: ((5, 14, 7, 16, 0, 18, 19, 20, 15, 23, 4, 1, 10, 2, 8, 3, 17, 12, 11, 22, 9, 6, 13, 21, 24), 944)
65: ((5, 14, 7, 16, 0, 18, 19, 20, 15, 23, 4, 1, 10, 2, 8, 3, 17, 12, 11, 22, 9, 6, 13, 21, 24), 944)
66: ((5, 14, 7, 16, 0, 18, 19, 20, 15, 23, 4, 1, 10, 2, 8, 3, 17, 12, 11, 22, 9, 6, 13, 21, 24), 944)
67: ((5, 14, 7, 16, 0, 18, 19, 20, 15, 23, 4, 1, 10, 2, 8, 3, 17, 12, 11, 22, 9, 6, 13, 21, 24), 944)
68: ((5, 14, 7, 16, 0, 18, 19, 20, 15, 23, 4, 1, 10, 2, 8, 3, 17, 12, 11, 22, 9, 6, 13, 21, 24), 944)
69: ((5, 14, 7, 16, 0, 18, 19, 20, 15, 23, 4, 1, 10, 2, 8, 3, 17, 12, 11, 22, 9, 6, 13, 21, 24), 944)
70: ((5, 14, 7, 16, 0, 18, 19, 20, 15, 23, 4, 1, 10, 2, 8, 3, 17, 12, 11, 22, 9, 6, 13, 21, 24), 944)
71: ((5, 14, 7, 16, 0, 18, 19, 20, 15, 23, 4, 1, 10, 2, 8, 3, 17, 12, 11, 22, 9, 6, 13, 21, 24), 944)
72: ((5, 14, 7, 16, 0, 18, 19, 20, 15, 23, 4, 1, 10, 2, 8, 3, 17, 12, 11, 22, 9, 6, 13, 21, 24), 944)
73: ((5, 14, 7, 16, 0, 18, 19, 20, 15, 23, 4, 1, 10, 2, 8, 3, 17, 12, 11, 22, 9, 6, 13, 21, 24), 944)
74: ((5, 14, 7, 16, 0, 18, 19, 20, 15, 23, 4, 1, 10, 2, 8, 3, 17, 12, 11, 22, 9, 6, 13, 21, 24), 944)
75: ((5, 14, 7, 16, 0, 18, 19, 20, 15, 23, 4, 1, 10, 2, 8, 3, 17, 12, 11, 22, 9, 6, 13, 21, 24), 944)
76: ((5, 14, 7, 16, 0, 18, 19, 20, 15, 23, 4, 1, 10, 2, 8, 3, 17, 12, 11, 22, 9, 6, 13, 21, 24), 944)
77: ((5, 14, 7, 16, 0, 18, 19, 20, 15, 23, 4, 1, 10, 2, 8, 3, 17, 12, 11, 22, 9, 6, 13, 21, 24), 944)
78: ((5, 14, 7, 16, 0, 18, 19, 20, 15, 23, 4, 1, 10, 2, 8, 3, 17, 12, 11, 22, 9, 6, 13, 21, 24), 944)
79: ((5, 14, 7, 16, 0, 18, 19, 20, 15, 23, 4, 1, 10, 2, 8, 3, 17, 12, 11, 22, 9, 6, 13, 21, 24), 944)
80: ((5, 14, 7, 16, 0, 18, 19, 20, 15, 23, 4, 1, 10, 2, 8, 3, 17, 12, 11, 22, 9, 6, 13, 21, 24), 944)
81: ((5, 14, 7, 16, 0, 18, 19, 20, 15, 23, 4, 1, 10, 2, 8, 3, 17, 12, 11, 22, 9, 6, 13, 21, 24), 944)
82: ((5, 14, 7, 16, 0, 18, 19, 20, 15, 23, 4, 1, 10, 2, 8, 3, 17, 12, 11, 22, 9, 6, 13, 21, 24), 944)
83: ((5, 14, 7, 16, 0, 18, 19, 20, 15, 23, 4, 1, 10, 2, 8, 3, 17, 12, 11, 22, 9, 6, 13, 21, 24), 944)
84: ((5, 14, 7, 16, 0, 18, 19, 20, 15, 23, 4, 1, 10, 2, 8, 3, 17, 12, 11, 22, 9, 6, 13, 21, 24), 944)
85: ((5, 14, 7, 16, 0, 18, 19, 4, 20, 15, 23, 8, 10, 17, 2, 12, 11, 3, 1, 22, 9, 6, 13, 21, 24), 944)
86: ((5, 14, 7, 16, 0, 18, 19, 4, 20, 15, 23, 8, 10, 17, 2, 12, 11, 3, 1, 22, 9, 6, 13, 21, 24), 944)
87: ((5, 14, 7, 16, 0, 18, 19, 4, 20, 15, 23, 8, 10, 17, 2, 12, 11, 3, 1, 22, 9, 6, 13, 21, 24), 944)
88: ((5, 14, 7, 16, 0, 18, 19, 4, 20, 15, 23, 8, 10, 17, 2, 12, 11, 3, 1, 22, 9, 6, 13, 21, 24), 944)
89: ((5, 14, 7, 16, 0, 18, 19, 4, 20, 15, 23, 8, 10, 17, 2, 12, 11, 3, 1, 22, 9, 6, 13, 21, 24), 944)
90: ((5, 14, 7, 16, 0, 18, 19, 4, 20, 15, 23, 8, 10, 17, 2, 12, 11, 3, 1, 22, 9, 6, 13, 21, 24), 944)
91: ((5, 14, 7, 16, 0, 18, 19, 4, 20, 15, 23, 8, 10, 17, 2, 12, 11, 3, 1, 22, 9, 6, 13, 21, 24), 944)
92: ((5, 14, 7, 16, 0, 18, 19, 4, 20, 15, 23, 8, 10, 17, 2, 12, 11, 3, 1, 22, 9, 6, 13, 21, 24), 944)
93: ((5, 14, 7, 16, 0, 18, 19, 4, 20, 15, 23, 8, 10, 17, 2, 12, 11, 3, 1, 22, 9, 6, 13, 21, 24), 944)
94: ((5, 14, 7, 16, 0, 18, 19, 4, 20, 15, 23, 8, 10, 17, 2, 12, 11, 3, 1, 22, 9, 6, 13, 21, 24), 944)
95: ((5, 14, 7, 16, 0, 18, 19, 4, 20, 15, 23, 8, 10, 17, 2, 12, 11, 3, 1, 22, 9, 6, 13, 21, 24), 944)
Best: ((14, 7, 16, 19, 6, 4, 8, 1, 3, 18, 20, 17, 24, 15, 22, 0, 21, 2, 13, 5, 12, 10, 11, 23, 9), 942)
Runtime: 206.8355197 s