Generations:
0: ((24, 16, 10, 15, 22, 7, 18, 20, 11, 19, 5, 3, 23, 21, 6, 1, 12, 13, 4, 8, 2, 17, 14, 9, 0), 1073)
1: ((0, 4, 15, 13, 3, 12, 5, 6, 23, 7, 19, 9, 10, 1, 21, 11, 14, 2, 8, 22, 17, 24, 20, 18, 16), 1056)
2: ((22, 17, 5, 3, 23, 20, 14, 16, 7, 12, 24, 1, 19, 6, 2, 13, 4, 8, 11, 0, 15, 21, 10, 9, 18), 1053)
3: ((22, 17, 5, 3, 23, 20, 14, 16, 7, 12, 24, 1, 19, 6, 2, 13, 4, 8, 11, 0, 15, 21, 10, 9, 18), 1053)
4: ((0, 10, 2, 9, 21, 15, 7, 11, 6, 1, 8, 13, 4, 17, 18, 19, 12, 14, 5, 22, 24, 20, 3, 16, 23), 1027)
5: ((22, 9, 21, 6, 13, 2, 4, 8, 11, 16, 19, 3, 7, 5, 0, 24, 12, 20, 14, 18, 10, 15, 23, 1, 17), 1020)
6: ((21, 20, 15, 9, 16, 11, 2, 23, 24, 0, 6, 1, 4, 17, 10, 7, 5, 18, 22, 14, 19, 8, 12, 13, 3), 1007)
7: ((21, 20, 15, 9, 16, 11, 2, 23, 24, 0, 6, 1, 4, 17, 10, 7, 5, 18, 22, 14, 19, 8, 12, 13, 3), 1007)
8: ((21, 20, 15, 9, 16, 11, 2, 23, 24, 0, 6, 1, 4, 17, 10, 7, 5, 18, 22, 14, 19, 8, 12, 13, 3), 1007)
9: ((21, 20, 15, 9, 16, 11, 2, 23, 24, 0, 6, 1, 4, 17, 10, 7, 5, 18, 22, 14, 19, 8, 12, 13, 3), 1007)
10: ((21, 20, 15, 9, 16, 11, 2, 23, 24, 0, 6, 1, 4, 17, 10, 7, 5, 18, 22, 14, 19, 8, 12, 13, 3), 1007)
11: ((21, 20, 15, 9, 16, 11, 2, 23, 24, 0, 6, 1, 4, 17, 10, 7, 5, 18, 22, 14, 19, 8, 12, 13, 3), 1007)
12: ((9, 23, 24, 21, 18, 20, 3, 4, 14, 12, 8, 13, 7, 6, 22, 19, 16, 15, 11, 17, 0, 1, 5, 2, 10), 1015)
13: ((9, 21, 10, 23, 18, 20, 3, 4, 14, 12, 8, 13, 7, 6, 22, 19, 16, 15, 11, 17, 0, 1, 5, 2, 24), 1010)
14: ((9, 21, 10, 23, 18, 20, 3, 4, 14, 12, 8, 13, 7, 6, 22, 19, 16, 15, 11, 17, 0, 1, 5, 2, 24), 1010)
15: ((9, 21, 10, 23, 18, 20, 3, 4, 14, 12, 8, 13, 7, 6, 22, 19, 16, 15, 11, 17, 0, 1, 5, 2, 24), 1010)
16: ((9, 21, 10, 23, 18, 20, 3, 4, 14, 12, 8, 13, 7, 6, 22, 19, 16, 15, 11, 17, 0, 1, 5, 2, 24), 1010)
17: ((14, 7, 16, 3, 2, 13, 11, 18, 24, 19, 6, 4, 8, 17, 9, 1, 12, 21, 20, 0, 5, 23, 10, 22, 15), 987)
18: ((14, 7, 16, 3, 2, 13, 11, 18, 24, 19, 6, 4, 8, 17, 9, 1, 12, 21, 20, 0, 5, 23, 10, 22, 15), 987)
19: ((24, 11, 21, 22, 16, 10, 1, 6, 17, 19, 3, 18, 14, 2, 13, 4, 20, 23, 8, 7, 5, 0, 9, 15, 12), 986)
20: ((24, 11, 21, 22, 16, 10, 1, 6, 17, 19, 3, 18, 14, 2, 13, 4, 20, 23, 8, 7, 5, 0, 9, 15, 12), 986)
21: ((24, 11, 21, 22, 16, 10, 1, 6, 17, 19, 3, 18, 14, 2, 13, 4, 20, 23, 8, 7, 5, 0, 9, 15, 12), 986)
22: ((14, 7, 16, 3, 2, 13, 11, 18, 24, 19, 6, 4, 8, 17, 9, 1, 12, 21, 20, 0, 5, 23, 10, 22, 15), 987)
23: ((20, 24, 9, 21, 7, 11, 6, 1, 8, 13, 4, 17, 19, 12, 10, 5, 16, 22, 23, 15, 18, 0, 3, 14, 2), 984)
24: ((20, 24, 9, 21, 7, 11, 6, 1, 8, 13, 4, 17, 19, 12, 10, 5, 16, 22, 23, 15, 18, 0, 3, 14, 2), 984)
25: ((20, 24, 9, 21, 7, 11, 6, 1, 8, 13, 4, 17, 19, 12, 10, 5, 16, 22, 23, 15, 18, 0, 3, 14, 2), 984)
26: ((20, 24, 9, 21, 7, 11, 6, 1, 8, 13, 4, 17, 19, 12, 10, 5, 16, 22, 23, 15, 18, 0, 3, 14, 2), 984)
27: ((20, 24, 9, 21, 7, 11, 6, 1, 8, 13, 4, 17, 19, 12, 10, 5, 16, 22, 23, 15, 18, 0, 3, 14, 2), 984)
28: ((14, 7, 16, 3, 2, 13, 11, 18, 24, 19, 6, 4, 8, 20, 9, 1, 12, 5, 17, 0, 21, 23, 10, 22, 15), 979)
29: ((14, 7, 16, 3, 2, 13, 11, 18, 24, 19, 6, 4, 8, 20, 9, 1, 12, 5, 17, 0, 21, 23, 10, 22, 15), 979)
30: ((14, 7, 16, 3, 2, 13, 11, 18, 24, 19, 6, 4, 8, 20, 9, 1, 12, 5, 17, 0, 21, 23, 10, 22, 15), 979)
31: ((14, 7, 16, 3, 2, 13, 11, 18, 24, 19, 6, 4, 8, 20, 9, 1, 12, 5, 17, 0, 21, 23, 10, 22, 15), 979)
32: ((14, 7, 16, 3, 2, 13, 11, 18, 24, 19, 6, 4, 8, 20, 9, 1, 12, 5, 17, 0, 21, 23, 10, 22, 15), 979)
33: ((14, 7, 16, 3, 2, 13, 11, 18, 24, 19, 6, 4, 8, 20, 9, 1, 12, 5, 17, 0, 21, 23, 10, 22, 15), 979)
34: ((14, 7, 16, 3, 2, 13, 11, 18, 24, 19, 6, 4, 8, 20, 9, 1, 12, 5, 17, 0, 21, 23, 10, 22, 15), 979)
35: ((14, 7, 16, 3, 2, 13, 11, 18, 24, 19, 6, 4, 8, 20, 9, 1, 12, 5, 17, 0, 21, 23, 10, 22, 15), 979)
36: ((14, 7, 16, 3, 2, 13, 11, 18, 24, 19, 6, 4, 8, 20, 9, 1, 12, 5, 17, 0, 21, 23, 10, 22, 15), 979)
37: ((14, 7, 16, 3, 2, 13, 11, 18, 24, 19, 6, 4, 8, 20, 9, 1, 12, 5, 17, 0, 21, 23, 10, 22, 15), 979)
38: ((14, 7, 16, 3, 2, 13, 11, 18, 24, 19, 6, 4, 8, 20, 9, 1, 12, 5, 17, 0, 21, 23, 10, 22, 15), 979)
39: ((14, 7, 16, 3, 2, 13, 11, 18, 24, 19, 6, 4, 8, 20, 9, 1, 12, 5, 17, 0, 21, 23, 10, 22, 15), 979)
40: ((14, 7, 16, 3, 2, 13, 11, 18, 24, 19, 6, 4, 8, 20, 9, 1, 12, 5, 17, 0, 21, 23, 10, 22, 15), 979)
41: ((14, 7, 16, 3, 2, 13, 11, 18, 24, 19, 6, 4, 8, 20, 9, 1, 12, 5, 17, 0, 21, 23, 10, 22, 15), 979)
42: ((14, 7, 16, 3, 2, 13, 11, 18, 24, 19, 6, 4, 8, 20, 9, 1, 12, 5, 17, 0, 21, 23, 10, 22, 15), 979)
43: ((14, 7, 16, 3, 2, 13, 11, 18, 24, 19, 6, 4, 8, 20, 9, 1, 12, 5, 17, 0, 21, 23, 10, 22, 15), 979)
44: ((14, 7, 16, 3, 2, 13, 11, 18, 24, 19, 6, 4, 8, 20, 9, 1, 12, 5, 17, 0, 21, 23, 10, 22, 15), 979)
45: ((14, 7, 16, 3, 2, 13, 11, 18, 24, 19, 6, 4, 8, 20, 9, 1, 12, 5, 17, 0, 21, 23, 10, 22, 15), 979)
46: ((14, 7, 16, 3, 2, 13, 11, 18, 24, 19, 6, 4, 8, 20, 9, 1, 12, 5, 17, 0, 21, 23, 10, 22, 15), 979)
47: ((5, 21, 23, 22, 16, 12, 17, 3, 20, 8, 13, 4, 14, 11, 24, 18, 10, 7, 9, 0, 15, 2, 6, 1, 19), 976)
48: ((5, 21, 23, 22, 16, 12, 17, 3, 20, 8, 13, 4, 14, 11, 24, 18, 10, 7, 9, 0, 15, 2, 6, 1, 19), 976)
49: ((5, 21, 23, 22, 16, 12, 17, 3, 20, 8, 13, 4, 14, 11, 24, 18, 10, 7, 9, 0, 15, 2, 6, 1, 19), 976)
50: ((5, 21, 23, 22, 16, 12, 17, 3, 20, 8, 13, 4, 14, 11, 24, 18, 10, 7, 9, 0, 15, 2, 6, 1, 19), 976)
51: ((5, 21, 23, 22, 16, 12, 17, 3, 20, 8, 13, 4, 14, 11, 24, 18, 10, 7, 9, 0, 15, 2, 6, 1, 19), 976)
52: ((8, 9, 21, 15, 7, 11, 6, 5, 0, 16, 19, 3, 24, 12, 20, 14, 18, 10, 23, 1, 17, 22, 13, 2, 4), 967)
53: ((8, 9, 21, 15, 7, 11, 6, 5, 0, 16, 19, 3, 24, 12, 20, 14, 18, 10, 23, 1, 17, 22, 13, 2, 4), 967)
54: ((8, 9, 21, 15, 7, 11, 6, 5, 0, 16, 19, 3, 24, 12, 20, 14, 18, 10, 23, 1, 17, 22, 13, 2, 4), 967)
55: ((8, 9, 21, 15, 7, 11, 6, 5, 0, 16, 19, 3, 24, 12, 20, 14, 18, 10, 23, 1, 17, 22, 13, 2, 4), 967)
56: ((8, 9, 21, 15, 7, 11, 6, 5, 0, 16, 19, 3, 24, 12, 20, 14, 18, 10, 23, 1, 17, 22, 13, 2, 4), 967)
57: ((8, 9, 21, 15, 7, 11, 6, 5, 0, 16, 19, 3, 24, 12, 20, 14, 18, 10, 23, 1, 17, 22, 13, 2, 4), 967)
58: ((8, 9, 21, 15, 7, 11, 6, 5, 0, 16, 19, 3, 24, 12, 20, 14, 18, 10, 23, 1, 17, 22, 13, 2, 4), 967)
59: ((8, 9, 21, 15, 7, 11, 6, 5, 0, 16, 19, 3, 24, 12, 20, 14, 18, 10, 23, 1, 17, 22, 13, 2, 4), 967)
60: ((8, 9, 21, 15, 7, 11, 6, 5, 0, 16, 19, 3, 24, 12, 20, 14, 18, 10, 23, 1, 17, 22, 13, 2, 4), 967)
61: ((21, 22, 6, 13, 16, 3, 10, 8, 4, 14, 24, 18, 20, 7, 19, 1, 5, 9, 11, 17, 23, 2, 15, 12, 0), 963)
62: ((21, 22, 6, 13, 16, 3, 10, 8, 4, 14, 24, 18, 20, 7, 19, 1, 5, 9, 11, 17, 23, 2, 15, 12, 0), 963)
63: ((21, 22, 6, 13, 16, 3, 10, 8, 4, 14, 24, 18, 20, 7, 19, 1, 5, 9, 11, 17, 23, 2, 15, 12, 0), 963)
64: ((21, 22, 6, 13, 16, 3, 10, 8, 4, 14, 24, 18, 20, 7, 19, 1, 5, 9, 11, 17, 23, 2, 15, 12, 0), 963)
65: ((21, 22, 6, 13, 16, 3, 10, 8, 4, 14, 24, 18, 20, 7, 19, 1, 5, 9, 11, 17, 23, 2, 15, 12, 0), 963)
66: ((21, 22, 6, 13, 16, 3, 10, 8, 4, 14, 24, 18, 20, 7, 19, 1, 5, 9, 11, 17, 23, 2, 15, 12, 0), 963)
67: ((2, 9, 21, 7, 8, 0, 5, 6, 16, 19, 3, 24, 12, 20, 14, 10, 11, 1, 18, 15, 22, 23, 17, 13, 4), 957)
68: ((2, 9, 21, 7, 8, 0, 5, 6, 16, 19, 3, 24, 12, 20, 14, 10, 11, 1, 18, 15, 22, 23, 17, 13, 4), 957)
69: ((2, 9, 21, 7, 8, 0, 5, 6, 16, 19, 3, 24, 12, 20, 14, 10, 11, 1, 18, 15, 22, 23, 17, 13, 4), 957)
70: ((2, 9, 21, 7, 8, 0, 5, 6, 16, 19, 3, 24, 12, 20, 14, 10, 11, 1, 18, 15, 22, 23, 17, 13, 4), 957)
71: ((2, 9, 21, 7, 8, 0, 5, 6, 16, 19, 3, 24, 12, 20, 14, 10, 11, 1, 18, 15, 22, 23, 17, 13, 4), 957)
72: ((14, 7, 16, 3, 18, 11, 10, 24, 19, 6, 4, 12, 20, 9, 2, 8, 21, 1, 23, 22, 17, 13, 0, 15, 5), 953)
73: ((2, 9, 21, 7, 6, 5, 0, 16, 19, 3, 12, 20, 14, 18, 23, 1, 17, 22, 13, 10, 11, 24, 15, 4, 8), 947)
74: ((2, 9, 21, 7, 6, 5, 0, 16, 19, 3, 12, 20, 14, 18, 23, 1, 17, 22, 13, 10, 11, 24, 15, 4, 8), 947)
75: ((17, 9, 21, 0, 2, 7, 5, 6, 16, 19, 3, 24, 12, 20, 8, 18, 10, 4, 1, 15, 22, 23, 14, 13, 11), 945)
76: ((17, 9, 21, 0, 2, 7, 5, 6, 16, 19, 3, 24, 12, 20, 8, 18, 10, 4, 1, 15, 22, 23, 14, 13, 11), 945)
77: ((17, 9, 21, 0, 2, 7, 5, 6, 16, 19, 3, 24, 12, 20, 8, 18, 10, 4, 1, 15, 22, 23, 14, 13, 11), 945)
78: ((17, 9, 21, 0, 2, 7, 5, 6, 16, 19, 3, 24, 12, 20, 8, 18, 10, 4, 1, 15, 22, 23, 14, 13, 11), 945)
79: ((17, 9, 21, 0, 2, 7, 5, 6, 16, 19, 3, 24, 12, 20, 8, 18, 10, 4, 1, 15, 22, 23, 14, 13, 11), 945)
80: ((17, 9, 21, 0, 2, 7, 5, 6, 16, 19, 3, 24, 12, 20, 8, 18, 10, 4, 1, 15, 22, 23, 14, 13, 11), 945)
81: ((17, 9, 21, 0, 2, 7, 5, 6, 16, 19, 3, 24, 12, 20, 8, 18, 10, 4, 1, 15, 22, 23, 14, 13, 11), 945)
82: ((17, 9, 21, 0, 2, 7, 5, 6, 16, 19, 3, 24, 12, 20, 8, 18, 10, 4, 1, 15, 22, 23, 14, 13, 11), 945)
83: ((17, 9, 21, 0, 2, 7, 5, 6, 16, 19, 3, 24, 12, 20, 8, 18, 10, 4, 1, 15, 22, 23, 14, 13, 11), 945)
84: ((9, 21, 7, 8, 6, 5, 0, 16, 19, 12, 3, 24, 20, 14, 10, 11, 1, 18, 15, 22, 23, 17, 13, 4, 2), 943)
85: ((9, 21, 7, 8, 6, 5, 0, 16, 19, 12, 3, 24, 20, 14, 10, 11, 1, 18, 15, 22, 23, 17, 13, 4, 2), 943)
86: ((17, 9, 21, 0, 2, 7, 5, 6, 16, 19, 20, 24, 12, 3, 8, 18, 10, 4, 1, 15, 22, 23, 14, 13, 11), 939)
87: ((17, 9, 21, 0, 2, 7, 5, 6, 16, 19, 20, 24, 12, 3, 8, 18, 10, 4, 1, 15, 22, 23, 14, 13, 11), 939)
88: ((17, 9, 21, 0, 2, 7, 5, 6, 16, 19, 20, 24, 12, 3, 8, 18, 10, 4, 1, 15, 22, 23, 14, 13, 11), 939)
89: ((17, 9, 21, 0, 2, 7, 5, 6, 16, 19, 20, 24, 12, 3, 8, 18, 10, 4, 1, 15, 22, 23, 14, 13, 11), 939)
90: ((9, 21, 18, 0, 2, 7, 5, 6, 16, 19, 3, 24, 12, 20, 8, 10, 4, 1, 15, 22, 23, 14, 13, 11, 17), 935)
91: ((9, 21, 18, 0, 2, 7, 5, 6, 16, 19, 3, 24, 12, 20, 8, 10, 4, 1, 15, 22, 23, 14, 13, 11, 17), 935)
92: ((9, 21, 18, 0, 2, 7, 5, 6, 16, 19, 3, 24, 12, 20, 8, 10, 4, 1, 15, 22, 23, 14, 13, 11, 17), 935)
93: ((9, 21, 18, 0, 2, 7, 5, 6, 16, 19, 3, 24, 12, 20, 8, 10, 4, 1, 15, 22, 23, 14, 13, 11, 17), 935)
94: ((9, 21, 18, 0, 2, 7, 5, 6, 16, 19, 3, 24, 12, 20, 8, 10, 4, 1, 15, 22, 23, 14, 13, 11, 17), 935)
95: ((9, 21, 18, 0, 2, 7, 5, 6, 16, 19, 3, 24, 12, 20, 8, 10, 4, 1, 15, 22, 23, 14, 13, 11, 17), 935)
Best: ((9, 21, 18, 0, 2, 7, 5, 6, 16, 19, 3, 24, 12, 20, 8, 10, 4, 1, 15, 22, 23, 14, 13, 11, 17), 935)
Runtime: 226.08532680000002 s