Generations:
0: ((16, 8, 12, 9, 6, 24, 18, 17, 19, 23, 1, 5, 20, 21, 13, 7, 4, 0, 22, 14, 2, 11, 3, 15, 10), 969)
1: ((3, 24, 20, 21, 23, 10, 0, 22, 7, 8, 19, 1, 2, 13, 18, 11, 15, 12, 5, 14, 6, 4, 9, 17, 16), 964)
2: ((3, 24, 20, 21, 23, 10, 0, 22, 7, 8, 19, 1, 2, 13, 18, 11, 15, 12, 5, 14, 6, 4, 9, 17, 16), 964)
3: ((3, 24, 20, 21, 23, 10, 0, 22, 7, 8, 19, 1, 2, 13, 18, 11, 15, 12, 5, 14, 6, 4, 9, 17, 16), 964)
4: ((3, 24, 20, 21, 23, 10, 0, 22, 7, 8, 19, 1, 2, 13, 18, 11, 15, 12, 5, 14, 6, 4, 9, 17, 16), 964)
5: ((3, 24, 20, 21, 23, 10, 0, 22, 7, 8, 19, 1, 2, 13, 18, 11, 15, 12, 5, 14, 6, 4, 9, 17, 16), 964)
6: ((24, 9, 2, 23, 10, 16, 8, 21, 19, 7, 1, 11, 17, 14, 3, 15, 4, 12, 13, 22, 6, 0, 20, 5, 18), 960)
7: ((24, 9, 2, 23, 10, 16, 8, 21, 19, 7, 1, 11, 17, 14, 3, 15, 4, 12, 13, 22, 6, 0, 20, 5, 18), 960)
8: ((23, 16, 22, 17, 0, 20, 11, 1, 5, 13, 19, 10, 21, 8, 6, 14, 3, 15, 4, 7, 9, 18, 12, 24, 2), 945)
9: ((23, 16, 22, 17, 0, 20, 11, 1, 5, 13, 19, 10, 21, 8, 6, 14, 3, 15, 4, 7, 9, 18, 12, 24, 2), 945)
10: ((23, 16, 22, 17, 0, 20, 11, 1, 5, 13, 19, 10, 21, 8, 6, 14, 3, 15, 4, 7, 9, 18, 12, 24, 2), 945)
11: ((23, 16, 22, 17, 0, 20, 11, 1, 5, 13, 19, 10, 21, 8, 6, 14, 3, 15, 4, 7, 9, 18, 12, 24, 2), 945)
12: ((20, 10, 0, 11, 2, 17, 16, 21, 7, 8, 19, 1, 23, 6, 3, 14, 18, 5, 13, 4, 24, 22, 15, 9, 12), 940)
13: ((20, 10, 0, 11, 2, 17, 16, 21, 7, 8, 19, 1, 23, 6, 3, 14, 18, 5, 13, 4, 24, 22, 15, 9, 12), 940)
14: ((20, 16, 24, 2, 21, 23, 10, 19, 7, 1, 15, 17, 14, 3, 11, 13, 22, 12, 8, 6, 5, 4, 9, 18, 0), 925)
15: ((23, 24, 1, 18, 17, 19, 5, 20, 21, 4, 22, 2, 0, 8, 14, 3, 11, 12, 7, 6, 13, 15, 10, 16, 9), 923)
16: ((20, 16, 24, 21, 23, 10, 19, 7, 1, 15, 17, 14, 2, 3, 11, 13, 22, 12, 8, 6, 5, 4, 9, 18, 0), 915)
17: ((20, 16, 24, 21, 23, 10, 19, 7, 1, 15, 17, 14, 2, 3, 11, 13, 22, 12, 8, 6, 5, 4, 9, 18, 0), 915)
18: ((20, 16, 24, 21, 23, 10, 19, 7, 1, 15, 17, 14, 2, 3, 11, 13, 22, 12, 8, 6, 5, 4, 9, 18, 0), 915)
19: ((20, 16, 24, 21, 23, 10, 19, 7, 1, 15, 17, 14, 2, 3, 11, 13, 22, 12, 8, 6, 5, 4, 9, 18, 0), 915)
20: ((20, 16, 24, 21, 23, 10, 19, 7, 1, 15, 17, 14, 2, 3, 11, 13, 22, 12, 8, 6, 5, 4, 9, 18, 0), 915)
21: ((16, 22, 17, 20, 11, 1, 5, 13, 19, 10, 21, 8, 6, 15, 7, 4, 0, 14, 12, 3, 9, 18, 24, 2, 23), 901)
22: ((16, 22, 17, 20, 11, 1, 5, 13, 19, 10, 21, 8, 6, 15, 7, 4, 0, 14, 12, 3, 9, 18, 24, 2, 23), 901)
23: ((16, 22, 17, 20, 11, 1, 5, 13, 19, 10, 21, 8, 6, 15, 7, 4, 0, 14, 12, 3, 9, 18, 24, 2, 23), 901)
24: ((16, 22, 17, 20, 11, 1, 5, 13, 19, 10, 21, 8, 6, 15, 7, 4, 0, 14, 12, 3, 9, 18, 24, 2, 23), 901)
25: ((16, 22, 17, 20, 11, 1, 5, 13, 19, 10, 21, 8, 6, 15, 7, 4, 0, 14, 12, 3, 9, 18, 24, 2, 23), 901)
26: ((16, 22, 17, 20, 11, 1, 5, 13, 19, 10, 21, 8, 6, 15, 7, 4, 0, 14, 12, 3, 9, 18, 24, 2, 23), 901)
27: ((16, 22, 17, 20, 11, 1, 5, 13, 19, 10, 21, 8, 6, 15, 7, 4, 0, 14, 12, 3, 9, 18, 24, 2, 23), 901)
28: ((16, 22, 17, 20, 11, 1, 5, 13, 19, 10, 21, 8, 6, 15, 7, 4, 0, 14, 12, 3, 9, 18, 24, 2, 23), 901)
29: ((16, 22, 17, 20, 11, 1, 5, 13, 19, 10, 21, 8, 6, 15, 7, 4, 0, 14, 12, 3, 9, 18, 24, 2, 23), 901)
30: ((16, 22, 17, 20, 11, 1, 5, 13, 19, 10, 21, 8, 6, 15, 7, 4, 0, 14, 12, 3, 9, 18, 24, 2, 23), 901)
31: ((16, 22, 17, 20, 11, 1, 5, 13, 19, 10, 21, 8, 6, 15, 7, 4, 0, 14, 12, 3, 9, 18, 24, 2, 23), 901)
32: ((16, 22, 17, 20, 11, 1, 5, 13, 19, 10, 21, 8, 6, 15, 7, 4, 0, 14, 12, 3, 9, 18, 24, 2, 23), 901)
33: ((16, 22, 17, 20, 11, 1, 5, 13, 19, 10, 21, 8, 6, 15, 7, 4, 0, 14, 12, 3, 9, 18, 24, 2, 23), 901)
34: ((16, 22, 17, 20, 11, 1, 5, 13, 19, 10, 21, 8, 6, 15, 7, 4, 0, 14, 12, 3, 9, 18, 24, 2, 23), 901)
35: ((16, 22, 17, 20, 11, 1, 5, 13, 19, 10, 21, 8, 6, 15, 7, 4, 0, 14, 12, 3, 9, 18, 24, 2, 23), 901)
36: ((16, 22, 17, 20, 11, 1, 5, 13, 19, 10, 21, 8, 6, 15, 7, 4, 0, 14, 12, 3, 9, 18, 24, 2, 23), 901)
37: ((16, 22, 17, 20, 11, 1, 5, 13, 19, 10, 21, 8, 6, 15, 7, 4, 0, 14, 12, 3, 9, 18, 24, 2, 23), 901)
38: ((16, 22, 17, 20, 11, 1, 5, 13, 19, 10, 21, 8, 6, 15, 7, 4, 0, 14, 12, 3, 9, 18, 24, 2, 23), 901)
39: ((16, 22, 17, 20, 11, 1, 5, 13, 19, 10, 21, 8, 6, 15, 7, 4, 0, 14, 12, 3, 9, 18, 24, 2, 23), 901)
40: ((16, 22, 17, 20, 11, 1, 5, 13, 19, 10, 21, 8, 6, 15, 7, 4, 0, 14, 12, 3, 9, 18, 24, 2, 23), 901)
41: ((16, 22, 17, 20, 11, 1, 5, 13, 19, 10, 21, 8, 6, 15, 7, 4, 0, 14, 12, 3, 9, 18, 24, 2, 23), 901)
42: ((16, 22, 17, 20, 11, 1, 5, 13, 19, 10, 21, 8, 6, 15, 7, 4, 0, 14, 12, 3, 9, 18, 24, 2, 23), 901)
43: ((20, 16, 24, 21, 23, 10, 1, 17, 18, 22, 12, 14, 2, 19, 15, 3, 11, 8, 7, 6, 5, 4, 9, 13, 0), 900)
44: ((20, 16, 24, 21, 23, 10, 1, 17, 18, 22, 12, 14, 2, 19, 15, 3, 11, 8, 7, 6, 5, 4, 9, 13, 0), 900)
45: ((20, 16, 24, 21, 23, 10, 1, 17, 18, 22, 12, 14, 2, 19, 15, 3, 11, 8, 7, 6, 5, 4, 9, 13, 0), 900)
46: ((20, 16, 24, 21, 23, 10, 1, 17, 18, 22, 12, 14, 2, 19, 15, 3, 11, 8, 7, 6, 5, 4, 9, 13, 0), 900)
47: ((20, 16, 24, 21, 23, 10, 1, 17, 18, 22, 12, 14, 2, 19, 15, 3, 11, 8, 7, 6, 5, 4, 9, 13, 0), 900)
48: ((20, 16, 24, 21, 23, 10, 1, 17, 18, 22, 12, 14, 2, 19, 15, 3, 11, 8, 7, 6, 5, 4, 9, 13, 0), 900)
49: ((20, 16, 24, 21, 23, 10, 1, 17, 18, 22, 12, 14, 2, 19, 15, 3, 11, 8, 7, 6, 5, 4, 9, 13, 0), 900)
50: ((20, 16, 24, 21, 23, 10, 1, 17, 18, 22, 12, 14, 2, 19, 15, 3, 11, 8, 7, 6, 5, 4, 9, 13, 0), 900)
51: ((20, 16, 24, 21, 23, 10, 19, 1, 17, 14, 3, 2, 11, 13, 22, 8, 6, 12, 7, 5, 15, 4, 9, 18, 0), 899)
52: ((20, 16, 24, 21, 23, 10, 19, 1, 17, 14, 3, 2, 11, 13, 22, 8, 6, 12, 7, 5, 15, 4, 9, 18, 0), 899)
53: ((20, 16, 24, 21, 23, 10, 19, 1, 17, 14, 3, 2, 11, 13, 22, 8, 6, 12, 7, 5, 15, 4, 9, 18, 0), 899)
54: ((20, 16, 24, 21, 23, 10, 19, 1, 17, 14, 3, 2, 11, 13, 22, 8, 6, 12, 7, 5, 15, 4, 9, 18, 0), 899)
55: ((20, 16, 24, 21, 23, 10, 1, 17, 18, 22, 12, 14, 2, 19, 15, 3, 11, 8, 7, 6, 5, 4, 9, 13, 0), 900)
56: ((20, 16, 24, 21, 23, 10, 1, 17, 18, 22, 12, 14, 2, 19, 15, 3, 11, 8, 7, 6, 5, 4, 9, 13, 0), 900)
57: ((20, 16, 24, 21, 23, 10, 1, 17, 18, 22, 12, 14, 2, 19, 15, 3, 11, 8, 7, 6, 5, 4, 9, 13, 0), 900)
58: ((16, 24, 21, 10, 19, 1, 17, 11, 13, 22, 8, 2, 23, 3, 0, 14, 6, 12, 7, 5, 15, 4, 9, 18, 20), 899)
59: ((16, 24, 21, 10, 19, 1, 17, 11, 13, 22, 8, 2, 23, 3, 0, 14, 6, 12, 7, 5, 15, 4, 9, 18, 20), 899)
60: ((16, 24, 21, 10, 19, 1, 17, 11, 13, 22, 8, 2, 23, 3, 0, 14, 6, 12, 7, 5, 15, 4, 9, 18, 20), 899)
61: ((16, 24, 21, 10, 19, 1, 17, 11, 13, 22, 8, 2, 23, 3, 0, 14, 6, 12, 7, 5, 15, 4, 9, 18, 20), 899)
62: ((16, 24, 21, 10, 19, 1, 17, 11, 13, 22, 8, 2, 23, 3, 0, 14, 6, 12, 7, 5, 15, 4, 9, 18, 20), 899)
63: ((16, 24, 21, 10, 19, 1, 17, 11, 13, 22, 8, 2, 23, 3, 0, 14, 6, 12, 7, 5, 15, 4, 9, 18, 20), 899)
64: ((16, 24, 21, 10, 19, 1, 17, 11, 13, 22, 8, 2, 23, 3, 0, 14, 6, 12, 7, 5, 15, 4, 9, 18, 20), 899)
65: ((16, 24, 21, 10, 19, 1, 17, 11, 13, 22, 8, 2, 23, 3, 0, 14, 6, 12, 7, 5, 15, 4, 9, 18, 20), 899)
66: ((20, 16, 24, 21, 23, 10, 1, 17, 18, 22, 12, 14, 2, 19, 15, 3, 11, 8, 7, 6, 5, 4, 9, 13, 0), 900)
67: ((20, 16, 24, 21, 23, 10, 1, 17, 18, 22, 12, 14, 2, 19, 15, 3, 11, 8, 7, 6, 5, 4, 9, 13, 0), 900)
68: ((20, 16, 24, 21, 23, 10, 1, 17, 18, 22, 12, 14, 2, 19, 15, 3, 11, 8, 7, 6, 5, 4, 9, 13, 0), 900)
69: ((18, 16, 24, 17, 19, 5, 20, 21, 4, 11, 14, 2, 22, 3, 0, 8, 13, 7, 6, 12, 15, 10, 9, 23, 1), 878)
70: ((18, 16, 24, 17, 19, 5, 20, 21, 4, 11, 14, 2, 22, 3, 0, 8, 13, 7, 6, 12, 15, 10, 9, 23, 1), 878)
71: ((18, 16, 24, 17, 19, 5, 20, 21, 4, 11, 14, 2, 22, 3, 0, 8, 13, 7, 6, 12, 15, 10, 9, 23, 1), 878)
72: ((18, 16, 24, 17, 19, 5, 20, 21, 4, 11, 14, 2, 22, 3, 0, 8, 13, 7, 6, 12, 15, 10, 9, 23, 1), 878)
73: ((18, 16, 24, 17, 19, 5, 20, 21, 4, 11, 14, 2, 22, 3, 0, 8, 13, 7, 6, 12, 15, 10, 9, 23, 1), 878)
74: ((18, 16, 24, 17, 19, 5, 20, 21, 4, 11, 14, 2, 22, 3, 0, 8, 13, 7, 6, 12, 15, 10, 9, 23, 1), 878)
75: ((18, 16, 24, 17, 19, 5, 20, 21, 4, 11, 14, 2, 22, 3, 0, 8, 13, 7, 6, 12, 15, 10, 9, 23, 1), 878)
76: ((18, 16, 24, 17, 19, 5, 20, 21, 4, 11, 14, 2, 22, 3, 0, 8, 13, 7, 6, 12, 15, 10, 9, 23, 1), 878)
77: ((18, 16, 24, 17, 19, 5, 20, 21, 4, 11, 14, 2, 22, 3, 0, 8, 13, 7, 6, 12, 15, 10, 9, 23, 1), 878)
78: ((18, 16, 24, 17, 19, 5, 20, 21, 4, 11, 14, 2, 22, 3, 0, 8, 13, 7, 6, 12, 15, 10, 9, 23, 1), 878)
79: ((18, 16, 24, 17, 19, 5, 20, 21, 4, 11, 14, 2, 22, 3, 0, 8, 13, 7, 6, 12, 15, 10, 9, 23, 1), 878)
80: ((18, 16, 24, 17, 19, 5, 20, 21, 4, 11, 14, 2, 22, 3, 0, 8, 13, 7, 6, 12, 15, 10, 9, 23, 1), 878)
81: ((18, 16, 24, 17, 19, 5, 20, 21, 4, 11, 14, 2, 22, 3, 0, 8, 13, 7, 6, 12, 15, 10, 9, 23, 1), 878)
82: ((18, 16, 24, 17, 19, 5, 20, 21, 4, 11, 14, 2, 22, 3, 0, 8, 13, 7, 6, 12, 15, 10, 9, 23, 1), 878)
83: ((18, 16, 24, 17, 19, 5, 20, 21, 4, 11, 14, 2, 22, 3, 0, 8, 13, 7, 6, 12, 15, 10, 9, 23, 1), 878)
84: ((18, 16, 24, 17, 19, 5, 20, 21, 4, 11, 14, 2, 22, 3, 0, 8, 13, 7, 6, 12, 15, 10, 9, 23, 1), 878)
85: ((18, 16, 24, 17, 19, 5, 20, 21, 4, 11, 14, 2, 22, 3, 0, 8, 13, 7, 6, 12, 15, 10, 9, 23, 1), 878)
86: ((18, 16, 24, 17, 19, 5, 20, 21, 4, 11, 14, 2, 22, 3, 0, 8, 13, 7, 6, 12, 15, 10, 9, 23, 1), 878)
87: ((18, 16, 24, 17, 19, 5, 20, 21, 4, 11, 14, 2, 22, 3, 0, 8, 13, 7, 6, 12, 15, 10, 9, 23, 1), 878)
88: ((18, 16, 24, 17, 19, 5, 20, 21, 4, 11, 14, 2, 22, 3, 0, 8, 13, 7, 6, 12, 15, 10, 9, 23, 1), 878)
89: ((18, 16, 24, 17, 19, 5, 20, 21, 4, 11, 14, 2, 22, 3, 0, 8, 13, 7, 6, 12, 15, 10, 9, 23, 1), 878)
90: ((20, 16, 24, 21, 23, 10, 1, 17, 18, 22, 12, 14, 2, 19, 15, 3, 11, 8, 7, 6, 5, 4, 9, 13, 0), 900)
91: ((20, 16, 24, 21, 23, 10, 1, 17, 18, 22, 12, 14, 2, 19, 15, 3, 11, 8, 7, 6, 5, 4, 9, 13, 0), 900)
92: ((20, 16, 24, 21, 23, 10, 1, 17, 18, 22, 12, 14, 2, 19, 15, 3, 11, 8, 7, 6, 5, 4, 9, 13, 0), 900)
93: ((20, 16, 24, 21, 23, 10, 1, 17, 18, 22, 12, 14, 2, 19, 15, 3, 11, 8, 7, 6, 5, 4, 9, 13, 0), 900)
94: ((20, 16, 24, 21, 23, 10, 1, 17, 18, 22, 12, 14, 2, 19, 15, 3, 11, 8, 7, 6, 5, 4, 9, 13, 0), 900)
95: ((20, 16, 24, 21, 23, 10, 1, 17, 18, 22, 12, 14, 2, 19, 15, 3, 11, 8, 7, 6, 5, 4, 9, 13, 0), 900)
Best: ((18, 16, 24, 17, 19, 5, 20, 21, 4, 11, 14, 2, 22, 3, 0, 8, 13, 7, 6, 12, 15, 10, 9, 23, 1), 878)
Runtime: 365.9264199 s