Generations:
0: ((9, 22, 11, 20, 6, 4, 15, 24, 1, 12, 5, 2, 21, 7, 23, 10, 0, 13, 8, 19, 17, 14, 16, 18, 3), 1014)
1: ((4, 17, 20, 23, 0, 6, 1, 8, 3, 10, 21, 18, 19, 9, 11, 5, 12, 7, 24, 2, 13, 14, 15, 22, 16), 1013)
2: ((17, 12, 18, 23, 24, 13, 19, 2, 4, 15, 14, 11, 1, 8, 16, 5, 9, 22, 3, 0, 20, 10, 6, 21, 7), 974)
3: ((6, 23, 8, 10, 24, 4, 2, 19, 9, 20, 22, 0, 17, 14, 18, 5, 16, 15, 12, 11, 21, 1, 13, 3, 7), 965)
4: ((6, 23, 8, 10, 24, 4, 2, 19, 9, 20, 22, 0, 17, 14, 18, 5, 16, 15, 12, 11, 21, 1, 13, 3, 7), 965)
5: ((6, 23, 8, 10, 24, 4, 2, 19, 9, 20, 22, 0, 17, 14, 18, 5, 16, 15, 12, 11, 21, 1, 13, 3, 7), 965)
6: ((6, 23, 8, 10, 24, 4, 2, 19, 9, 20, 22, 0, 17, 14, 18, 5, 16, 15, 12, 11, 21, 1, 13, 3, 7), 965)
7: ((6, 23, 8, 10, 24, 4, 2, 19, 9, 20, 22, 0, 17, 14, 18, 5, 16, 15, 12, 11, 21, 1, 13, 3, 7), 965)
8: ((16, 20, 11, 10, 2, 8, 22, 21, 5, 23, 9, 6, 15, 7, 3, 18, 1, 13, 0, 14, 12, 4, 17, 24, 19), 952)
9: ((16, 20, 11, 10, 2, 8, 22, 21, 5, 23, 9, 6, 15, 7, 3, 18, 1, 13, 0, 14, 12, 4, 17, 24, 19), 952)
10: ((16, 20, 11, 10, 2, 8, 22, 21, 5, 23, 9, 6, 15, 7, 3, 18, 1, 13, 0, 14, 12, 4, 17, 24, 19), 952)
11: ((16, 20, 11, 10, 2, 8, 22, 21, 5, 23, 9, 6, 15, 7, 3, 18, 1, 13, 0, 14, 12, 4, 17, 24, 19), 952)
12: ((16, 20, 11, 10, 2, 8, 22, 21, 5, 23, 9, 6, 15, 7, 3, 18, 1, 13, 0, 14, 12, 4, 17, 24, 19), 952)
13: ((16, 20, 11, 10, 2, 8, 22, 21, 5, 23, 9, 6, 15, 7, 3, 18, 1, 13, 0, 14, 12, 4, 17, 24, 19), 952)
14: ((16, 20, 11, 10, 2, 8, 22, 21, 5, 23, 9, 6, 15, 7, 3, 18, 1, 13, 0, 14, 12, 4, 17, 24, 19), 952)
15: ((14, 23, 8, 24, 17, 12, 21, 2, 3, 0, 6, 15, 7, 19, 4, 16, 9, 10, 11, 13, 1, 22, 18, 5, 20), 910)
16: ((16, 20, 11, 10, 2, 8, 22, 21, 5, 23, 9, 6, 15, 7, 3, 18, 1, 13, 0, 14, 12, 4, 17, 24, 19), 952)
17: ((16, 20, 11, 10, 2, 8, 22, 21, 5, 23, 9, 6, 15, 7, 3, 18, 1, 13, 0, 14, 12, 4, 17, 24, 19), 952)
18: ((16, 20, 11, 10, 2, 8, 22, 21, 5, 23, 9, 6, 15, 7, 3, 18, 1, 13, 0, 14, 12, 4, 17, 24, 19), 952)
19: ((24, 12, 22, 18, 17, 21, 19, 6, 7, 16, 20, 4, 15, 0, 5, 11, 23, 3, 14, 1, 13, 9, 2, 10, 8), 952)
20: ((24, 17, 20, 21, 2, 3, 6, 15, 4, 18, 19, 9, 11, 14, 23, 22, 1, 13, 8, 10, 5, 7, 16, 0, 12), 935)
21: ((24, 17, 20, 21, 2, 3, 6, 15, 4, 18, 19, 9, 11, 14, 23, 22, 1, 13, 8, 10, 5, 7, 16, 0, 12), 935)
22: ((24, 17, 20, 21, 2, 3, 6, 15, 4, 18, 19, 9, 11, 14, 23, 22, 1, 13, 8, 10, 5, 7, 16, 0, 12), 935)
23: ((24, 17, 20, 21, 2, 3, 6, 15, 4, 18, 19, 9, 11, 14, 23, 22, 1, 13, 8, 10, 5, 7, 16, 0, 12), 935)
24: ((24, 17, 20, 21, 2, 3, 6, 15, 4, 18, 19, 9, 11, 14, 23, 22, 1, 13, 8, 10, 5, 7, 16, 0, 12), 935)
25: ((24, 17, 20, 21, 2, 3, 6, 15, 4, 18, 19, 9, 11, 14, 23, 22, 1, 13, 8, 10, 5, 7, 16, 0, 12), 935)
26: ((24, 17, 20, 21, 2, 3, 6, 15, 4, 18, 19, 9, 11, 14, 23, 22, 1, 13, 8, 10, 5, 7, 16, 0, 12), 935)
27: ((24, 17, 20, 21, 2, 3, 6, 15, 4, 18, 19, 9, 11, 14, 23, 22, 1, 13, 8, 10, 5, 7, 16, 0, 12), 935)
28: ((24, 17, 20, 21, 2, 3, 6, 15, 4, 18, 19, 9, 11, 14, 23, 22, 1, 13, 8, 10, 5, 7, 16, 0, 12), 935)
29: ((24, 17, 20, 21, 2, 3, 6, 15, 4, 18, 19, 9, 11, 14, 23, 22, 1, 13, 8, 10, 5, 7, 16, 0, 12), 935)
30: ((24, 17, 20, 21, 2, 3, 6, 15, 4, 18, 19, 9, 11, 14, 23, 22, 1, 13, 8, 10, 5, 7, 16, 0, 12), 935)
31: ((24, 17, 20, 21, 2, 3, 6, 15, 4, 18, 19, 9, 11, 14, 23, 22, 1, 13, 8, 10, 5, 7, 16, 0, 12), 935)
32: ((24, 17, 20, 21, 2, 3, 6, 15, 4, 18, 19, 9, 11, 14, 23, 22, 1, 13, 8, 10, 5, 7, 16, 0, 12), 935)
33: ((24, 17, 20, 21, 2, 3, 6, 15, 4, 18, 19, 9, 11, 14, 23, 22, 1, 13, 8, 10, 5, 7, 16, 0, 12), 935)
34: ((10, 24, 0, 17, 20, 21, 2, 3, 5, 8, 6, 18, 19, 22, 13, 16, 1, 7, 4, 9, 11, 12, 15, 14, 23), 927)
35: ((10, 24, 0, 17, 20, 21, 2, 3, 5, 8, 6, 18, 19, 22, 13, 16, 1, 7, 4, 9, 11, 12, 15, 14, 23), 927)
36: ((10, 24, 0, 17, 20, 21, 2, 3, 5, 8, 6, 18, 19, 22, 13, 16, 1, 7, 4, 9, 11, 12, 15, 14, 23), 927)
37: ((10, 24, 0, 17, 20, 21, 2, 3, 5, 8, 6, 18, 19, 22, 13, 16, 1, 7, 4, 9, 11, 12, 15, 14, 23), 927)
38: ((10, 24, 0, 17, 20, 21, 2, 3, 5, 8, 6, 18, 19, 22, 13, 16, 1, 7, 4, 9, 11, 12, 15, 14, 23), 927)
39: ((16, 12, 17, 23, 24, 19, 2, 13, 4, 8, 14, 11, 1, 22, 6, 0, 21, 20, 7, 9, 3, 5, 10, 15, 18), 924)
40: ((16, 9, 23, 24, 19, 2, 4, 8, 14, 1, 22, 6, 21, 20, 11, 0, 10, 13, 18, 5, 17, 3, 15, 7, 12), 921)
41: ((16, 10, 23, 17, 24, 19, 2, 13, 4, 8, 14, 11, 1, 22, 6, 0, 21, 20, 7, 5, 9, 12, 15, 3, 18), 897)
42: ((16, 10, 23, 17, 24, 19, 2, 13, 4, 8, 14, 11, 1, 22, 6, 0, 21, 20, 7, 5, 9, 12, 15, 3, 18), 897)
43: ((16, 10, 23, 17, 24, 19, 2, 13, 4, 8, 14, 11, 1, 22, 6, 0, 21, 20, 7, 5, 9, 12, 15, 3, 18), 897)
44: ((16, 10, 23, 17, 24, 19, 2, 13, 4, 8, 14, 11, 1, 22, 6, 0, 21, 20, 7, 5, 9, 12, 15, 3, 18), 897)
45: ((16, 10, 23, 17, 24, 19, 2, 13, 4, 8, 14, 11, 1, 22, 6, 0, 21, 20, 7, 5, 9, 12, 15, 3, 18), 897)
46: ((16, 10, 23, 17, 24, 19, 2, 13, 4, 8, 14, 11, 1, 22, 6, 0, 21, 20, 7, 5, 9, 12, 15, 3, 18), 897)
47: ((16, 10, 23, 17, 24, 19, 2, 13, 4, 8, 14, 11, 1, 22, 6, 0, 21, 20, 7, 5, 9, 12, 15, 3, 18), 897)
48: ((16, 10, 23, 17, 24, 19, 2, 13, 4, 8, 14, 11, 1, 22, 6, 0, 21, 20, 7, 5, 9, 12, 15, 3, 18), 897)
49: ((16, 10, 23, 17, 24, 19, 2, 13, 4, 8, 14, 11, 1, 22, 6, 0, 21, 20, 7, 5, 9, 12, 15, 3, 18), 897)
50: ((16, 10, 23, 17, 24, 19, 2, 13, 4, 8, 14, 11, 1, 22, 6, 0, 21, 20, 7, 5, 9, 12, 15, 3, 18), 897)
51: ((16, 10, 23, 17, 24, 19, 2, 13, 4, 8, 14, 11, 1, 22, 6, 0, 21, 20, 7, 5, 9, 12, 15, 3, 18), 897)
52: ((16, 10, 23, 17, 24, 19, 2, 13, 4, 8, 14, 11, 1, 22, 6, 0, 21, 20, 7, 5, 9, 12, 15, 3, 18), 897)
53: ((16, 10, 23, 17, 24, 19, 2, 13, 4, 8, 14, 11, 1, 22, 6, 0, 21, 20, 7, 5, 9, 12, 15, 3, 18), 897)
54: ((16, 10, 23, 17, 24, 19, 2, 13, 4, 8, 14, 11, 1, 22, 6, 0, 21, 20, 7, 5, 9, 12, 15, 3, 18), 897)
55: ((16, 10, 23, 17, 24, 19, 2, 13, 4, 8, 14, 11, 1, 22, 6, 0, 21, 20, 7, 5, 9, 12, 15, 3, 18), 897)
56: ((16, 10, 23, 17, 24, 19, 2, 13, 4, 8, 14, 11, 1, 22, 6, 0, 21, 20, 7, 5, 9, 12, 15, 3, 18), 897)
57: ((16, 10, 23, 17, 24, 19, 2, 13, 4, 8, 14, 11, 1, 22, 6, 0, 21, 20, 7, 5, 9, 12, 15, 3, 18), 897)
58: ((16, 10, 23, 17, 24, 19, 2, 13, 4, 8, 14, 11, 1, 22, 6, 0, 21, 20, 7, 5, 9, 12, 15, 3, 18), 897)
59: ((16, 10, 23, 17, 24, 19, 2, 13, 4, 8, 14, 11, 1, 22, 6, 0, 21, 20, 7, 5, 9, 12, 15, 3, 18), 897)
60: ((16, 10, 23, 17, 24, 19, 2, 13, 4, 8, 14, 11, 1, 22, 6, 0, 21, 20, 7, 5, 9, 12, 15, 3, 18), 897)
61: ((16, 10, 23, 17, 24, 19, 2, 13, 4, 8, 14, 11, 1, 22, 6, 0, 21, 20, 7, 5, 9, 12, 15, 3, 18), 897)
62: ((16, 10, 23, 17, 24, 19, 2, 13, 4, 8, 14, 11, 1, 22, 6, 0, 21, 20, 7, 5, 9, 12, 15, 3, 18), 897)
63: ((16, 10, 23, 17, 24, 19, 2, 13, 4, 8, 14, 11, 1, 22, 6, 0, 21, 20, 7, 5, 9, 12, 15, 3, 18), 897)
64: ((16, 10, 23, 17, 24, 19, 2, 13, 4, 8, 14, 11, 1, 22, 6, 0, 21, 20, 7, 5, 9, 12, 15, 3, 18), 897)
65: ((16, 10, 23, 17, 24, 19, 2, 13, 4, 8, 14, 11, 1, 22, 6, 0, 21, 20, 7, 5, 9, 12, 15, 3, 18), 897)
66: ((16, 10, 23, 17, 24, 19, 2, 13, 4, 8, 14, 11, 1, 22, 6, 0, 21, 20, 7, 5, 9, 12, 15, 3, 18), 897)
67: ((16, 10, 23, 17, 24, 19, 2, 13, 4, 8, 14, 11, 1, 22, 6, 0, 21, 20, 7, 5, 9, 12, 15, 3, 18), 897)
68: ((16, 10, 23, 17, 24, 19, 2, 13, 4, 8, 14, 11, 1, 22, 6, 0, 21, 20, 7, 5, 9, 12, 15, 3, 18), 897)
69: ((16, 10, 23, 17, 24, 19, 2, 13, 4, 8, 14, 11, 1, 22, 6, 0, 21, 20, 7, 5, 9, 12, 15, 3, 18), 897)
70: ((16, 10, 23, 17, 24, 19, 2, 13, 4, 8, 14, 11, 1, 22, 6, 0, 21, 20, 7, 5, 9, 12, 15, 3, 18), 897)
71: ((16, 10, 23, 17, 24, 19, 2, 13, 4, 8, 14, 11, 1, 22, 6, 0, 21, 20, 7, 5, 9, 12, 15, 3, 18), 897)
72: ((16, 10, 23, 17, 24, 19, 2, 13, 4, 8, 14, 11, 1, 22, 6, 0, 21, 20, 7, 5, 9, 12, 15, 3, 18), 897)
73: ((16, 10, 23, 17, 24, 19, 2, 13, 4, 8, 14, 11, 1, 22, 6, 0, 21, 20, 7, 5, 9, 12, 15, 3, 18), 897)
74: ((16, 10, 23, 17, 24, 19, 2, 13, 4, 8, 14, 11, 1, 22, 6, 0, 21, 20, 7, 5, 9, 12, 15, 3, 18), 897)
75: ((16, 10, 23, 17, 24, 19, 2, 13, 4, 8, 14, 11, 1, 22, 6, 0, 21, 20, 7, 5, 9, 12, 15, 3, 18), 897)
76: ((16, 10, 17, 23, 24, 19, 2, 4, 8, 14, 11, 1, 22, 6, 0, 21, 20, 7, 9, 3, 13, 5, 15, 18, 12), 900)
77: ((16, 10, 17, 23, 24, 19, 2, 4, 8, 14, 11, 1, 22, 6, 0, 21, 20, 7, 9, 3, 13, 5, 15, 18, 12), 900)
78: ((16, 10, 17, 23, 24, 19, 2, 4, 8, 14, 11, 1, 22, 6, 0, 21, 20, 7, 9, 3, 13, 5, 15, 18, 12), 900)
79: ((16, 10, 17, 23, 24, 19, 2, 4, 8, 14, 11, 1, 22, 6, 0, 21, 20, 7, 9, 3, 13, 5, 15, 18, 12), 900)
80: ((16, 10, 17, 23, 24, 19, 2, 4, 8, 14, 11, 1, 22, 6, 0, 21, 20, 7, 9, 3, 13, 5, 15, 18, 12), 900)
81: ((16, 10, 17, 23, 24, 19, 2, 4, 8, 14, 11, 1, 22, 6, 0, 21, 20, 7, 9, 3, 13, 5, 15, 18, 12), 900)
82: ((16, 10, 17, 23, 24, 19, 2, 4, 8, 14, 11, 1, 22, 6, 0, 21, 20, 7, 9, 3, 13, 5, 15, 18, 12), 900)
83: ((16, 10, 17, 23, 24, 19, 2, 4, 8, 14, 11, 1, 22, 6, 0, 21, 20, 7, 9, 3, 13, 5, 15, 18, 12), 900)
84: ((16, 10, 17, 23, 24, 19, 2, 4, 8, 14, 11, 1, 22, 6, 0, 21, 20, 7, 9, 3, 13, 5, 15, 18, 12), 900)
85: ((16, 10, 17, 23, 24, 19, 2, 4, 8, 14, 11, 1, 22, 6, 0, 21, 20, 7, 9, 3, 13, 5, 15, 18, 12), 900)
86: ((16, 10, 17, 23, 24, 19, 2, 4, 8, 14, 11, 1, 22, 6, 0, 21, 20, 7, 9, 3, 13, 5, 15, 18, 12), 900)
87: ((16, 10, 17, 23, 24, 19, 2, 4, 8, 14, 11, 1, 22, 6, 0, 21, 20, 7, 9, 3, 13, 5, 15, 18, 12), 900)
88: ((16, 10, 17, 23, 24, 19, 2, 4, 8, 14, 11, 1, 22, 6, 0, 21, 20, 7, 9, 3, 13, 5, 15, 18, 12), 900)
89: ((16, 10, 17, 23, 24, 19, 2, 4, 8, 14, 11, 1, 22, 6, 0, 21, 20, 7, 9, 3, 13, 5, 15, 18, 12), 900)
90: ((16, 10, 17, 24, 19, 2, 4, 8, 14, 11, 1, 22, 6, 0, 13, 21, 20, 7, 5, 9, 12, 3, 15, 23, 18), 903)
91: ((16, 10, 17, 24, 19, 2, 4, 8, 14, 11, 1, 22, 6, 0, 13, 21, 20, 7, 5, 9, 12, 3, 15, 23, 18), 903)
92: ((16, 10, 17, 24, 19, 2, 4, 8, 14, 11, 1, 22, 6, 0, 13, 21, 20, 7, 5, 9, 12, 3, 15, 23, 18), 903)
93: ((16, 10, 17, 24, 19, 2, 4, 8, 14, 11, 1, 22, 6, 0, 13, 21, 20, 7, 5, 9, 12, 3, 15, 23, 18), 903)
94: ((16, 10, 17, 23, 24, 0, 2, 4, 8, 14, 1, 22, 6, 19, 21, 20, 13, 7, 3, 9, 11, 5, 15, 18, 12), 896)
95: ((16, 10, 17, 23, 24, 0, 2, 4, 8, 14, 1, 22, 6, 19, 21, 20, 13, 7, 3, 9, 11, 5, 15, 18, 12), 896)
Best: ((16, 10, 17, 23, 24, 0, 2, 4, 8, 14, 1, 22, 6, 19, 21, 20, 13, 7, 3, 9, 11, 5, 15, 18, 12), 896)
Runtime: 307.7349668 s