Generations:
0: ((18, 24, 17, 8, 14, 6, 10, 1, 22, 11, 9, 21, 15, 7, 12, 2, 23, 0, 20, 13, 19, 16, 4, 3, 5), 993)
1: ((10, 22, 0, 24, 17, 16, 18, 2, 3, 19, 23, 12, 21, 15, 4, 1, 6, 11, 14, 9, 8, 13, 5, 7, 20), 969)
2: ((10, 22, 0, 24, 17, 16, 18, 2, 3, 19, 23, 12, 21, 15, 4, 1, 6, 11, 14, 9, 8, 13, 5, 7, 20), 969)
3: ((17, 6, 10, 11, 9, 15, 14, 19, 5, 24, 22, 8, 20, 18, 23, 21, 7, 12, 2, 16, 3, 1, 13, 0, 4), 965)
4: ((17, 6, 10, 11, 9, 15, 14, 19, 5, 24, 22, 8, 20, 18, 23, 21, 7, 12, 2, 16, 3, 1, 13, 0, 4), 965)
5: ((17, 6, 10, 11, 9, 15, 14, 19, 5, 24, 22, 8, 20, 18, 23, 21, 7, 12, 2, 16, 3, 1, 13, 0, 4), 965)
6: ((17, 6, 10, 11, 9, 15, 14, 19, 5, 24, 22, 8, 20, 18, 23, 21, 7, 12, 2, 16, 3, 1, 13, 0, 4), 965)
7: ((16, 23, 17, 24, 3, 10, 11, 22, 21, 8, 2, 18, 4, 6, 0, 20, 5, 13, 15, 9, 19, 1, 14, 12, 7), 954)
8: ((16, 23, 17, 24, 3, 10, 11, 22, 21, 8, 2, 18, 4, 6, 0, 20, 5, 13, 15, 9, 19, 1, 14, 12, 7), 954)
9: ((16, 23, 17, 24, 3, 10, 11, 22, 21, 8, 2, 18, 4, 6, 0, 20, 5, 13, 15, 9, 19, 1, 14, 12, 7), 954)
10: ((0, 14, 20, 16, 3, 10, 2, 11, 22, 13, 21, 4, 8, 18, 5, 15, 7, 24, 12, 6, 1, 19, 9, 23, 17), 940)
11: ((0, 14, 20, 16, 3, 10, 2, 11, 22, 13, 21, 4, 8, 18, 5, 15, 7, 24, 12, 6, 1, 19, 9, 23, 17), 940)
12: ((0, 14, 20, 16, 3, 10, 2, 11, 22, 13, 21, 4, 8, 18, 5, 15, 7, 24, 12, 6, 1, 19, 9, 23, 17), 940)
13: ((20, 3, 2, 10, 11, 22, 13, 21, 4, 8, 18, 7, 24, 6, 5, 15, 9, 19, 1, 23, 16, 12, 17, 0, 14), 937)
14: ((20, 3, 2, 10, 11, 22, 13, 21, 4, 8, 18, 7, 24, 6, 5, 15, 9, 19, 1, 23, 16, 12, 17, 0, 14), 937)
15: ((20, 3, 2, 10, 11, 22, 13, 21, 4, 8, 18, 7, 24, 6, 5, 15, 9, 19, 1, 23, 16, 12, 17, 0, 14), 937)
16: ((20, 3, 2, 10, 11, 22, 13, 21, 4, 8, 18, 7, 24, 6, 5, 15, 9, 19, 1, 23, 16, 12, 17, 0, 14), 937)
17: ((20, 3, 2, 10, 11, 22, 13, 21, 4, 8, 18, 7, 24, 6, 5, 15, 9, 19, 1, 23, 16, 12, 17, 0, 14), 937)
18: ((20, 3, 2, 10, 11, 22, 13, 21, 4, 8, 18, 7, 24, 6, 5, 15, 9, 19, 1, 23, 16, 12, 17, 0, 14), 937)
19: ((20, 3, 2, 10, 11, 22, 13, 21, 4, 8, 18, 7, 24, 6, 5, 15, 9, 19, 1, 23, 16, 12, 17, 0, 14), 937)
20: ((20, 3, 2, 10, 11, 22, 13, 21, 4, 8, 18, 7, 24, 6, 5, 15, 9, 19, 1, 23, 16, 12, 17, 0, 14), 937)
21: ((20, 3, 2, 10, 11, 22, 13, 21, 4, 8, 18, 7, 24, 6, 5, 15, 9, 19, 1, 23, 16, 12, 17, 0, 14), 937)
22: ((20, 3, 2, 10, 11, 22, 13, 21, 4, 8, 18, 7, 24, 6, 5, 15, 9, 19, 1, 23, 16, 12, 17, 0, 14), 937)
23: ((24, 16, 10, 21, 19, 18, 7, 3, 13, 2, 22, 8, 20, 12, 4, 6, 0, 23, 15, 11, 1, 9, 14, 5, 17), 933)
24: ((24, 16, 10, 21, 19, 18, 7, 3, 13, 2, 22, 8, 20, 12, 4, 6, 0, 23, 15, 11, 1, 9, 14, 5, 17), 933)
25: ((24, 16, 10, 21, 19, 18, 7, 3, 13, 2, 22, 8, 20, 12, 4, 6, 0, 23, 15, 11, 1, 9, 14, 5, 17), 933)
26: ((24, 16, 10, 21, 19, 18, 7, 3, 13, 2, 22, 8, 20, 12, 4, 6, 0, 23, 15, 11, 1, 9, 14, 5, 17), 933)
27: ((24, 16, 10, 21, 19, 18, 7, 3, 13, 2, 22, 8, 20, 12, 4, 6, 0, 23, 15, 11, 1, 9, 14, 5, 17), 933)
28: ((24, 16, 10, 21, 19, 18, 7, 3, 13, 2, 22, 8, 20, 12, 4, 6, 0, 23, 15, 11, 1, 9, 14, 5, 17), 933)
29: ((24, 16, 10, 21, 19, 18, 7, 3, 13, 2, 22, 8, 20, 12, 4, 6, 0, 23, 15, 11, 1, 9, 14, 5, 17), 933)
30: ((24, 16, 10, 21, 19, 18, 7, 3, 13, 2, 22, 8, 20, 12, 4, 6, 0, 23, 15, 11, 1, 9, 14, 5, 17), 933)
31: ((24, 16, 10, 21, 19, 18, 7, 3, 13, 2, 22, 8, 20, 12, 4, 6, 0, 23, 15, 11, 1, 9, 14, 5, 17), 933)
32: ((24, 16, 10, 21, 19, 18, 7, 3, 13, 2, 22, 8, 20, 12, 4, 6, 0, 23, 15, 11, 1, 9, 14, 5, 17), 933)
33: ((24, 16, 10, 21, 19, 18, 7, 3, 13, 2, 22, 8, 20, 12, 4, 6, 0, 23, 15, 11, 1, 9, 14, 5, 17), 933)
34: ((17, 8, 14, 10, 11, 22, 21, 2, 4, 6, 0, 20, 19, 7, 13, 1, 18, 15, 12, 5, 9, 16, 23, 3, 24), 933)
35: ((17, 8, 14, 10, 11, 22, 21, 2, 4, 6, 0, 20, 19, 7, 13, 1, 18, 15, 12, 5, 9, 16, 23, 3, 24), 933)
36: ((17, 8, 14, 10, 11, 22, 21, 2, 4, 6, 0, 20, 19, 7, 13, 1, 18, 15, 12, 5, 9, 16, 23, 3, 24), 933)
37: ((17, 8, 14, 10, 11, 22, 21, 2, 4, 13, 18, 6, 0, 23, 15, 9, 19, 1, 7, 3, 20, 12, 16, 24, 5), 929)
38: ((16, 10, 21, 7, 3, 2, 8, 20, 4, 6, 18, 0, 23, 11, 22, 13, 9, 19, 1, 15, 12, 14, 5, 17, 24), 927)
39: ((16, 10, 21, 7, 3, 2, 8, 20, 4, 6, 18, 0, 23, 11, 22, 13, 9, 19, 1, 15, 12, 14, 5, 17, 24), 927)
40: ((16, 10, 21, 7, 3, 2, 8, 20, 4, 6, 18, 0, 23, 11, 22, 13, 9, 19, 1, 15, 12, 14, 5, 17, 24), 927)
41: ((16, 10, 21, 7, 3, 2, 8, 20, 4, 6, 18, 0, 23, 11, 22, 13, 9, 19, 1, 15, 12, 14, 5, 17, 24), 927)
42: ((16, 10, 21, 7, 3, 2, 8, 20, 4, 6, 18, 0, 23, 11, 22, 13, 9, 19, 1, 15, 12, 14, 5, 17, 24), 927)
43: ((16, 10, 21, 7, 3, 2, 8, 20, 4, 6, 18, 0, 23, 11, 22, 13, 9, 19, 1, 15, 12, 14, 5, 17, 24), 927)
44: ((24, 17, 8, 14, 22, 21, 2, 20, 13, 9, 19, 18, 7, 12, 16, 4, 23, 0, 6, 15, 10, 11, 1, 5, 3), 926)
45: ((18, 16, 24, 3, 10, 20, 21, 8, 2, 7, 4, 6, 0, 13, 9, 1, 23, 15, 14, 12, 5, 17, 11, 22, 19), 908)
46: ((18, 16, 24, 3, 10, 20, 21, 8, 2, 7, 4, 6, 0, 13, 9, 1, 23, 15, 14, 12, 5, 17, 11, 22, 19), 908)
47: ((18, 16, 24, 3, 10, 20, 21, 8, 2, 7, 4, 6, 0, 13, 9, 1, 23, 15, 14, 12, 5, 17, 11, 22, 19), 908)
48: ((18, 16, 24, 3, 10, 20, 21, 8, 2, 7, 4, 6, 0, 13, 9, 1, 23, 15, 14, 12, 5, 17, 11, 22, 19), 908)
49: ((18, 16, 24, 3, 10, 20, 21, 8, 2, 7, 4, 6, 0, 13, 9, 1, 23, 15, 14, 12, 5, 17, 11, 22, 19), 908)
50: ((17, 8, 14, 20, 11, 2, 10, 4, 22, 21, 6, 0, 13, 9, 19, 1, 7, 18, 15, 12, 5, 16, 23, 24, 3), 906)
51: ((17, 8, 14, 20, 11, 2, 10, 4, 22, 21, 6, 0, 13, 9, 19, 1, 7, 18, 15, 12, 5, 16, 23, 24, 3), 906)
52: ((17, 8, 14, 20, 11, 2, 10, 4, 22, 21, 6, 0, 13, 9, 19, 1, 7, 18, 15, 12, 5, 16, 23, 24, 3), 906)
53: ((18, 16, 24, 3, 10, 20, 21, 8, 2, 7, 4, 6, 0, 13, 9, 1, 23, 15, 14, 12, 5, 17, 11, 22, 19), 908)
54: ((18, 16, 24, 3, 10, 20, 21, 8, 2, 7, 4, 6, 0, 13, 9, 1, 23, 15, 14, 12, 5, 17, 11, 22, 19), 908)
55: ((18, 16, 24, 3, 10, 20, 21, 8, 2, 7, 4, 6, 0, 13, 9, 1, 23, 15, 14, 12, 5, 17, 11, 22, 19), 908)
56: ((18, 16, 24, 3, 10, 20, 21, 8, 2, 7, 4, 6, 0, 13, 9, 1, 23, 15, 14, 12, 5, 17, 11, 22, 19), 908)
57: ((18, 16, 24, 3, 10, 20, 21, 8, 2, 7, 4, 6, 0, 13, 9, 1, 23, 15, 14, 12, 5, 17, 11, 22, 19), 908)
58: ((18, 16, 24, 3, 10, 20, 21, 8, 2, 7, 4, 6, 0, 13, 9, 1, 23, 15, 14, 12, 5, 17, 11, 22, 19), 908)
59: ((18, 16, 24, 3, 10, 20, 21, 8, 2, 7, 4, 6, 0, 13, 9, 1, 23, 15, 14, 12, 5, 17, 11, 22, 19), 908)
60: ((17, 20, 11, 22, 2, 4, 6, 21, 10, 0, 8, 13, 19, 1, 7, 18, 15, 12, 23, 5, 9, 16, 24, 3, 14), 906)
61: ((17, 20, 11, 22, 2, 4, 6, 21, 10, 0, 8, 13, 19, 1, 7, 18, 15, 12, 23, 5, 9, 16, 24, 3, 14), 906)
62: ((17, 20, 11, 22, 2, 4, 6, 21, 10, 0, 8, 13, 19, 1, 7, 18, 15, 12, 23, 5, 9, 16, 24, 3, 14), 906)
63: ((17, 20, 11, 22, 2, 4, 6, 21, 10, 0, 8, 13, 19, 1, 7, 18, 15, 12, 23, 5, 9, 16, 24, 3, 14), 906)
64: ((17, 20, 11, 22, 2, 4, 6, 21, 10, 0, 8, 13, 19, 1, 7, 18, 15, 12, 23, 5, 9, 16, 24, 3, 14), 906)
65: ((17, 20, 11, 22, 2, 4, 6, 21, 10, 0, 8, 13, 19, 1, 7, 18, 15, 12, 23, 5, 9, 16, 24, 3, 14), 906)
66: ((17, 20, 11, 22, 2, 4, 6, 21, 10, 0, 8, 13, 19, 1, 7, 18, 15, 12, 23, 5, 9, 16, 24, 3, 14), 906)
67: ((17, 20, 11, 22, 2, 4, 6, 21, 10, 0, 8, 13, 19, 1, 7, 18, 15, 12, 23, 5, 9, 16, 24, 3, 14), 906)
68: ((17, 20, 11, 22, 2, 4, 6, 21, 10, 0, 8, 13, 19, 1, 7, 18, 15, 12, 23, 5, 9, 16, 24, 3, 14), 906)
69: ((17, 20, 11, 22, 2, 4, 6, 21, 10, 0, 8, 13, 19, 1, 7, 18, 15, 12, 23, 5, 9, 16, 24, 3, 14), 906)
70: ((17, 20, 11, 22, 2, 4, 6, 21, 10, 0, 8, 13, 19, 1, 7, 18, 15, 12, 23, 5, 9, 16, 24, 3, 14), 906)
71: ((17, 20, 11, 22, 2, 4, 6, 21, 10, 0, 8, 13, 19, 1, 7, 18, 15, 12, 23, 5, 9, 16, 24, 3, 14), 906)
72: ((17, 20, 11, 22, 2, 4, 6, 21, 10, 0, 8, 13, 19, 1, 7, 18, 15, 12, 23, 5, 9, 16, 24, 3, 14), 906)
73: ((17, 20, 11, 22, 2, 4, 6, 21, 10, 0, 8, 13, 19, 1, 7, 18, 15, 12, 23, 5, 9, 16, 24, 3, 14), 906)
74: ((17, 20, 11, 22, 2, 4, 6, 21, 10, 0, 8, 13, 19, 1, 7, 18, 15, 12, 23, 5, 9, 16, 24, 3, 14), 906)
75: ((17, 20, 11, 22, 2, 4, 6, 21, 10, 0, 8, 13, 19, 1, 7, 18, 15, 12, 23, 5, 9, 16, 24, 3, 14), 906)
76: ((17, 20, 11, 22, 2, 4, 6, 21, 10, 0, 8, 13, 19, 1, 7, 18, 15, 12, 23, 5, 9, 16, 24, 3, 14), 906)
77: ((17, 20, 11, 22, 2, 4, 6, 21, 10, 0, 8, 13, 19, 1, 7, 18, 15, 12, 23, 5, 9, 16, 24, 3, 14), 906)
78: ((17, 20, 11, 22, 2, 4, 6, 21, 10, 0, 8, 13, 19, 1, 7, 18, 15, 12, 23, 5, 9, 16, 24, 3, 14), 906)
79: ((17, 20, 11, 22, 2, 4, 6, 21, 10, 0, 8, 13, 19, 1, 7, 18, 15, 12, 23, 5, 9, 16, 24, 3, 14), 906)
80: ((17, 20, 11, 22, 2, 4, 6, 21, 10, 0, 8, 13, 19, 1, 7, 18, 15, 12, 23, 5, 9, 16, 24, 3, 14), 906)
81: ((17, 20, 11, 22, 2, 4, 6, 21, 10, 0, 8, 13, 19, 1, 7, 18, 15, 12, 23, 5, 9, 16, 24, 3, 14), 906)
82: ((17, 20, 11, 22, 2, 4, 6, 21, 10, 0, 8, 13, 19, 1, 7, 18, 15, 12, 23, 5, 9, 16, 24, 3, 14), 906)
83: ((17, 20, 11, 22, 2, 4, 6, 21, 10, 0, 8, 13, 19, 1, 7, 18, 15, 12, 23, 5, 9, 16, 24, 3, 14), 906)
84: ((17, 20, 11, 22, 2, 4, 6, 21, 10, 0, 8, 13, 19, 1, 7, 18, 15, 12, 23, 5, 9, 16, 24, 3, 14), 906)
85: ((17, 20, 11, 22, 2, 4, 6, 21, 10, 0, 8, 13, 19, 1, 7, 18, 15, 12, 23, 5, 9, 16, 24, 3, 14), 906)
86: ((17, 20, 11, 22, 2, 4, 6, 21, 10, 0, 8, 13, 19, 1, 7, 18, 15, 12, 23, 5, 9, 16, 24, 3, 14), 906)
87: ((17, 20, 11, 22, 2, 4, 6, 21, 10, 0, 8, 13, 19, 1, 7, 18, 15, 12, 23, 5, 9, 16, 24, 3, 14), 906)
88: ((17, 20, 11, 22, 2, 4, 6, 21, 10, 0, 8, 13, 19, 1, 7, 18, 15, 12, 23, 5, 9, 16, 24, 3, 14), 906)
89: ((17, 20, 11, 22, 2, 4, 6, 21, 10, 0, 8, 13, 19, 1, 7, 18, 15, 12, 23, 5, 9, 16, 24, 3, 14), 906)
90: ((17, 20, 11, 22, 2, 4, 6, 21, 10, 0, 8, 13, 19, 1, 7, 18, 15, 12, 23, 5, 9, 16, 24, 3, 14), 906)
91: ((17, 20, 11, 22, 2, 4, 6, 21, 10, 0, 8, 13, 19, 1, 7, 18, 15, 12, 23, 5, 9, 16, 24, 3, 14), 906)
92: ((17, 20, 11, 22, 2, 4, 6, 21, 10, 0, 8, 13, 19, 1, 7, 18, 15, 12, 23, 5, 9, 16, 24, 3, 14), 906)
93: ((17, 20, 11, 22, 2, 4, 6, 21, 10, 0, 8, 13, 19, 1, 7, 18, 15, 12, 23, 5, 9, 16, 24, 3, 14), 906)
94: ((17, 20, 11, 22, 2, 4, 6, 21, 10, 0, 8, 13, 19, 1, 7, 18, 15, 12, 23, 5, 9, 16, 24, 3, 14), 906)
95: ((17, 20, 11, 22, 2, 4, 6, 21, 10, 0, 8, 13, 19, 1, 7, 18, 15, 12, 23, 5, 9, 16, 24, 3, 14), 906)
Best: ((17, 8, 14, 20, 11, 2, 10, 4, 22, 21, 6, 0, 13, 9, 19, 1, 7, 18, 15, 12, 5, 16, 23, 24, 3), 906)
Runtime: 315.6046793 s