Generations:
0: ((35, 22, 38, 10, 42, 41, 36, 17, 1, 24, 26, 5, 32, 2, 9, 14, 31, 15, 29, 46, 40, 47, 48, 0, 45, 11, 8, 27, 18, 4, 13, 37, 20, 12, 43, 39, 19, 21, 33, 49, 44, 34, 3, 28, 7, 16, 25, 23, 30, 6), 1291)
1: ((39, 21, 40, 48, 31, 23, 36, 26, 7, 30, 37, 19, 22, 13, 9, 44, 32, 17, 8, 29, 24, 1, 12, 10, 5, 49, 15, 34, 41, 45, 0, 4, 3, 46, 16, 47, 28, 25, 14, 42, 6, 43, 27, 20, 35, 11, 2, 33, 18, 38), 1238)
2: ((39, 21, 40, 48, 31, 23, 36, 26, 7, 30, 37, 19, 22, 13, 9, 44, 32, 17, 8, 29, 24, 1, 12, 10, 5, 49, 15, 34, 41, 45, 0, 4, 3, 46, 16, 47, 28, 25, 14, 42, 6, 43, 27, 20, 35, 11, 2, 33, 18, 38), 1238)
3: ((39, 21, 40, 48, 31, 23, 36, 26, 7, 30, 37, 19, 22, 13, 9, 44, 32, 17, 8, 29, 24, 1, 12, 10, 5, 49, 15, 34, 41, 45, 0, 4, 3, 46, 16, 47, 28, 25, 14, 42, 6, 43, 27, 20, 35, 11, 2, 33, 18, 38), 1238)
4: ((39, 21, 40, 48, 31, 23, 36, 26, 7, 30, 37, 19, 22, 13, 9, 44, 32, 17, 8, 29, 24, 1, 12, 10, 5, 49, 15, 34, 41, 45, 0, 4, 3, 46, 16, 47, 28, 25, 14, 42, 6, 43, 27, 20, 35, 11, 2, 33, 18, 38), 1238)
5: ((39, 21, 40, 48, 31, 23, 36, 26, 7, 30, 37, 19, 22, 13, 9, 44, 32, 17, 8, 29, 24, 1, 12, 10, 5, 49, 15, 34, 41, 45, 0, 4, 3, 46, 16, 47, 28, 25, 14, 42, 6, 43, 27, 20, 35, 11, 2, 33, 18, 38), 1238)
6: ((39, 21, 40, 48, 31, 23, 36, 26, 7, 30, 37, 19, 22, 13, 9, 44, 32, 17, 8, 29, 24, 1, 12, 10, 5, 49, 15, 34, 41, 45, 0, 4, 3, 46, 16, 47, 28, 25, 14, 42, 6, 43, 27, 20, 35, 11, 2, 33, 18, 38), 1238)
7: ((39, 21, 40, 48, 31, 23, 36, 26, 7, 30, 37, 19, 22, 13, 9, 44, 32, 17, 8, 29, 24, 1, 12, 10, 5, 49, 15, 34, 41, 45, 0, 4, 3, 46, 16, 47, 28, 25, 14, 42, 6, 43, 27, 20, 35, 11, 2, 33, 18, 38), 1238)
8: ((39, 21, 40, 48, 31, 23, 36, 26, 7, 30, 37, 19, 22, 13, 9, 44, 32, 17, 8, 29, 24, 1, 12, 10, 5, 49, 15, 34, 41, 45, 0, 4, 3, 46, 16, 47, 28, 25, 14, 42, 6, 43, 27, 20, 35, 11, 2, 33, 18, 38), 1238)
9: ((39, 21, 40, 48, 31, 23, 36, 26, 7, 30, 37, 19, 22, 13, 9, 44, 32, 17, 8, 29, 24, 1, 12, 10, 5, 49, 15, 34, 41, 45, 0, 4, 3, 46, 16, 47, 28, 25, 14, 42, 6, 43, 27, 20, 35, 11, 2, 33, 18, 38), 1238)
10: ((39, 21, 40, 48, 31, 23, 36, 26, 7, 30, 37, 19, 22, 13, 9, 44, 32, 17, 8, 29, 24, 1, 12, 10, 5, 49, 15, 34, 41, 45, 0, 4, 3, 46, 16, 47, 28, 25, 14, 42, 6, 43, 27, 20, 35, 11, 2, 33, 18, 38), 1238)
11: ((19, 44, 35, 27, 36, 3, 14, 11, 49, 43, 34, 24, 39, 7, 30, 16, 32, 4, 40, 33, 21, 31, 9, 20, 22, 42, 12, 46, 47, 15, 18, 8, 0, 17, 6, 38, 10, 45, 29, 41, 37, 28, 13, 2, 25, 23, 1, 26, 5, 48), 1229)
12: ((19, 44, 35, 27, 36, 3, 14, 11, 49, 43, 34, 24, 39, 7, 30, 16, 32, 4, 40, 33, 21, 31, 9, 20, 22, 42, 12, 46, 47, 15, 18, 8, 0, 17, 6, 38, 10, 45, 29, 41, 37, 28, 13, 2, 25, 23, 1, 26, 5, 48), 1229)
13: ((3, 14, 2, 33, 39, 21, 7, 26, 1, 42, 25, 43, 49, 44, 36, 41, 31, 15, 29, 46, 40, 47, 48, 0, 45, 11, 27, 18, 4, 13, 37, 30, 6, 34, 5, 20, 16, 10, 22, 23, 38, 24, 28, 12, 35, 19, 32, 9, 17, 8), 1179)
14: ((3, 14, 2, 33, 39, 21, 7, 26, 1, 42, 25, 43, 49, 44, 36, 41, 31, 15, 29, 46, 40, 47, 48, 0, 45, 11, 27, 18, 4, 13, 37, 30, 6, 34, 5, 20, 16, 10, 22, 23, 38, 24, 28, 12, 35, 19, 32, 9, 17, 8), 1179)
15: ((3, 14, 2, 33, 39, 21, 7, 26, 1, 42, 25, 43, 49, 44, 36, 41, 31, 15, 29, 46, 40, 47, 48, 0, 45, 11, 27, 18, 4, 13, 37, 30, 6, 34, 5, 20, 16, 10, 22, 23, 38, 24, 28, 12, 35, 19, 32, 9, 17, 8), 1179)
16: ((3, 14, 2, 33, 39, 21, 7, 26, 1, 42, 25, 43, 49, 44, 36, 41, 31, 15, 29, 46, 40, 47, 48, 0, 45, 11, 27, 18, 4, 13, 37, 30, 6, 34, 5, 20, 16, 10, 22, 23, 38, 24, 28, 12, 35, 19, 32, 9, 17, 8), 1179)
17: ((3, 14, 2, 33, 39, 21, 7, 26, 1, 42, 25, 43, 49, 44, 36, 41, 31, 15, 29, 46, 40, 47, 48, 0, 45, 11, 27, 18, 4, 13, 37, 30, 6, 34, 5, 20, 16, 10, 22, 23, 38, 24, 28, 12, 35, 19, 32, 9, 17, 8), 1179)
18: ((3, 14, 2, 33, 39, 21, 7, 26, 1, 42, 25, 43, 49, 44, 36, 41, 31, 15, 29, 46, 40, 47, 48, 0, 45, 11, 27, 18, 4, 13, 37, 30, 6, 34, 5, 20, 16, 10, 22, 23, 38, 24, 28, 12, 35, 19, 32, 9, 17, 8), 1179)
19: ((3, 14, 2, 33, 39, 21, 7, 26, 1, 42, 25, 43, 49, 44, 36, 41, 31, 15, 29, 46, 40, 47, 48, 0, 45, 11, 27, 18, 4, 13, 37, 30, 6, 34, 5, 20, 16, 10, 22, 23, 38, 24, 28, 12, 35, 19, 32, 9, 17, 8), 1179)
20: ((3, 14, 2, 33, 39, 21, 7, 26, 1, 42, 25, 43, 49, 44, 36, 41, 31, 15, 29, 46, 40, 47, 48, 0, 45, 11, 27, 18, 4, 13, 37, 30, 6, 34, 5, 20, 16, 10, 22, 23, 38, 24, 28, 12, 35, 19, 32, 9, 17, 8), 1179)
21: ((3, 14, 2, 33, 39, 21, 7, 26, 1, 42, 25, 43, 49, 44, 36, 41, 31, 15, 29, 46, 40, 47, 48, 0, 45, 11, 27, 18, 4, 13, 37, 30, 6, 34, 5, 20, 16, 10, 22, 23, 38, 24, 28, 12, 35, 19, 32, 9, 17, 8), 1179)
22: ((3, 14, 2, 33, 39, 21, 7, 26, 1, 42, 25, 43, 49, 44, 36, 41, 31, 15, 29, 46, 40, 47, 48, 0, 45, 11, 27, 18, 4, 13, 37, 30, 6, 34, 5, 20, 16, 10, 22, 23, 38, 24, 28, 12, 35, 19, 32, 9, 17, 8), 1179)
23: ((3, 14, 2, 33, 39, 21, 7, 26, 1, 42, 25, 43, 49, 44, 36, 41, 31, 15, 29, 46, 40, 47, 48, 0, 45, 11, 27, 18, 4, 13, 37, 30, 6, 34, 5, 20, 16, 10, 22, 23, 38, 24, 28, 12, 35, 19, 32, 9, 17, 8), 1179)
24: ((3, 14, 2, 33, 39, 21, 7, 26, 1, 42, 25, 43, 49, 44, 36, 41, 31, 15, 29, 46, 40, 47, 48, 0, 45, 11, 27, 18, 4, 13, 37, 30, 6, 34, 5, 20, 16, 10, 22, 23, 38, 24, 28, 12, 35, 19, 32, 9, 17, 8), 1179)
25: ((3, 14, 2, 33, 39, 21, 7, 26, 1, 42, 25, 43, 49, 44, 36, 41, 31, 15, 29, 46, 40, 47, 48, 0, 45, 11, 27, 18, 4, 13, 37, 30, 6, 34, 5, 20, 16, 10, 22, 23, 38, 24, 28, 12, 35, 19, 32, 9, 17, 8), 1179)
26: ((3, 14, 2, 33, 39, 21, 7, 26, 1, 42, 25, 43, 49, 44, 36, 41, 31, 15, 29, 46, 40, 47, 48, 0, 45, 11, 27, 18, 4, 13, 37, 30, 6, 34, 5, 20, 16, 10, 22, 23, 38, 24, 28, 12, 35, 19, 32, 9, 17, 8), 1179)
27: ((3, 14, 2, 33, 39, 21, 7, 26, 1, 42, 25, 43, 49, 44, 36, 41, 31, 15, 29, 46, 40, 47, 48, 0, 45, 11, 27, 18, 4, 13, 37, 30, 6, 34, 5, 20, 16, 10, 22, 23, 38, 24, 28, 12, 35, 19, 32, 9, 17, 8), 1179)
28: ((3, 14, 2, 33, 39, 21, 7, 26, 1, 42, 25, 43, 49, 44, 36, 41, 31, 15, 29, 46, 40, 47, 48, 0, 45, 11, 27, 18, 4, 13, 37, 30, 6, 34, 5, 20, 16, 10, 22, 23, 38, 24, 28, 12, 35, 19, 32, 9, 17, 8), 1179)
29: ((3, 14, 2, 33, 39, 21, 7, 26, 1, 42, 25, 43, 49, 44, 36, 41, 31, 15, 29, 46, 40, 47, 48, 0, 45, 11, 27, 18, 4, 13, 37, 30, 6, 34, 5, 20, 16, 10, 22, 23, 38, 24, 28, 12, 35, 19, 32, 9, 17, 8), 1179)
30: ((3, 14, 2, 33, 39, 21, 7, 26, 1, 42, 25, 43, 49, 44, 36, 41, 31, 15, 29, 46, 40, 47, 48, 0, 45, 11, 27, 18, 4, 13, 37, 30, 6, 34, 5, 20, 16, 10, 22, 23, 38, 24, 28, 12, 35, 19, 32, 9, 17, 8), 1179)
31: ((3, 14, 2, 33, 39, 21, 7, 26, 1, 42, 25, 43, 49, 44, 36, 41, 31, 15, 29, 46, 40, 47, 48, 0, 45, 11, 27, 18, 4, 13, 37, 30, 6, 34, 5, 20, 16, 10, 22, 23, 38, 24, 28, 12, 35, 19, 32, 9, 17, 8), 1179)
32: ((3, 14, 2, 33, 39, 21, 7, 26, 1, 42, 25, 43, 49, 44, 36, 41, 31, 15, 29, 46, 40, 47, 48, 0, 45, 11, 27, 18, 4, 13, 37, 30, 6, 34, 5, 20, 16, 10, 22, 23, 38, 24, 28, 12, 35, 19, 32, 9, 17, 8), 1179)
33: ((3, 14, 2, 33, 39, 21, 7, 26, 1, 42, 25, 43, 49, 44, 36, 41, 31, 15, 29, 46, 40, 47, 48, 0, 45, 11, 27, 18, 4, 13, 37, 30, 6, 34, 5, 20, 16, 10, 22, 23, 38, 24, 28, 12, 35, 19, 32, 9, 17, 8), 1179)
34: ((3, 14, 2, 33, 39, 21, 7, 26, 1, 42, 25, 43, 49, 44, 36, 41, 31, 15, 29, 46, 40, 47, 48, 0, 45, 11, 27, 18, 4, 13, 37, 30, 6, 34, 5, 20, 16, 10, 22, 23, 38, 24, 28, 12, 35, 19, 32, 9, 17, 8), 1179)
35: ((3, 14, 2, 33, 39, 21, 7, 26, 1, 42, 25, 43, 49, 44, 36, 41, 31, 15, 29, 46, 40, 47, 48, 0, 45, 11, 27, 18, 4, 13, 37, 30, 6, 34, 5, 20, 16, 10, 22, 23, 38, 24, 28, 12, 35, 19, 32, 9, 17, 8), 1179)
36: ((3, 14, 2, 33, 39, 21, 7, 26, 1, 42, 25, 43, 49, 44, 36, 41, 31, 15, 29, 46, 40, 47, 48, 0, 45, 11, 27, 18, 4, 13, 37, 30, 6, 34, 5, 20, 16, 10, 22, 23, 38, 24, 28, 12, 35, 19, 32, 9, 17, 8), 1179)
37: ((3, 14, 2, 33, 39, 21, 7, 26, 1, 42, 25, 43, 49, 44, 36, 41, 31, 15, 29, 46, 40, 47, 48, 0, 45, 11, 27, 18, 4, 13, 37, 30, 6, 34, 5, 20, 16, 10, 22, 23, 38, 24, 28, 12, 35, 19, 32, 9, 17, 8), 1179)
38: ((3, 14, 2, 33, 39, 21, 7, 26, 1, 42, 25, 43, 49, 44, 36, 41, 31, 15, 29, 46, 40, 47, 48, 0, 45, 11, 27, 18, 4, 13, 37, 30, 6, 34, 5, 20, 16, 10, 22, 23, 38, 24, 28, 12, 35, 19, 32, 9, 17, 8), 1179)
39: ((3, 14, 2, 33, 39, 21, 7, 26, 1, 42, 25, 43, 49, 44, 36, 41, 31, 15, 29, 46, 40, 47, 48, 0, 45, 11, 27, 18, 4, 13, 37, 30, 6, 34, 5, 20, 16, 10, 22, 23, 38, 24, 28, 12, 35, 19, 32, 9, 17, 8), 1179)
40: ((3, 14, 2, 33, 39, 21, 7, 26, 1, 42, 25, 43, 49, 44, 36, 41, 31, 15, 29, 46, 40, 47, 48, 0, 45, 11, 27, 18, 4, 13, 37, 30, 6, 34, 5, 20, 16, 10, 22, 23, 38, 24, 28, 12, 35, 19, 32, 9, 17, 8), 1179)
41: ((3, 14, 2, 33, 39, 21, 7, 26, 1, 42, 25, 43, 49, 44, 36, 41, 31, 15, 29, 46, 40, 47, 48, 0, 45, 11, 27, 18, 4, 13, 37, 30, 6, 34, 5, 20, 16, 10, 22, 23, 38, 24, 28, 12, 35, 19, 32, 9, 17, 8), 1179)
42: ((3, 14, 2, 33, 39, 21, 7, 26, 1, 42, 25, 43, 49, 44, 36, 41, 31, 15, 29, 46, 40, 47, 48, 0, 45, 11, 27, 18, 4, 13, 37, 30, 6, 34, 5, 20, 16, 10, 22, 23, 38, 24, 28, 12, 35, 19, 32, 9, 17, 8), 1179)
43: ((3, 14, 2, 33, 39, 21, 7, 26, 1, 42, 25, 43, 49, 44, 36, 41, 31, 15, 29, 46, 40, 47, 48, 0, 45, 11, 27, 18, 4, 13, 37, 30, 6, 34, 5, 20, 16, 10, 22, 23, 38, 24, 28, 12, 35, 19, 32, 9, 17, 8), 1179)
44: ((3, 14, 2, 33, 39, 21, 7, 26, 1, 42, 25, 43, 49, 44, 36, 41, 31, 15, 29, 46, 40, 47, 48, 0, 45, 11, 27, 18, 4, 13, 37, 30, 6, 34, 5, 20, 16, 10, 22, 23, 38, 24, 28, 12, 35, 19, 32, 9, 17, 8), 1179)
45: ((3, 14, 2, 33, 39, 21, 7, 26, 1, 42, 25, 43, 49, 44, 36, 41, 31, 15, 29, 46, 40, 47, 48, 0, 45, 11, 27, 18, 4, 13, 37, 30, 6, 34, 5, 20, 16, 10, 22, 23, 38, 24, 28, 12, 35, 19, 32, 9, 17, 8), 1179)
46: ((3, 14, 2, 33, 39, 21, 7, 26, 1, 42, 25, 43, 49, 44, 36, 41, 31, 15, 29, 46, 40, 47, 48, 0, 45, 11, 27, 18, 4, 13, 37, 30, 6, 34, 5, 20, 16, 10, 22, 23, 38, 24, 28, 12, 35, 19, 32, 9, 17, 8), 1179)
47: ((3, 14, 2, 33, 39, 21, 7, 26, 1, 42, 25, 43, 49, 44, 36, 41, 31, 15, 29, 46, 40, 47, 48, 0, 45, 11, 27, 18, 4, 13, 37, 30, 6, 34, 5, 20, 16, 10, 22, 23, 38, 24, 28, 12, 35, 19, 32, 9, 17, 8), 1179)
48: ((3, 14, 2, 33, 39, 21, 7, 26, 1, 42, 25, 43, 49, 44, 36, 41, 31, 15, 29, 46, 40, 47, 48, 0, 45, 11, 27, 18, 4, 13, 37, 30, 6, 34, 5, 20, 16, 10, 22, 23, 38, 24, 28, 12, 35, 19, 32, 9, 17, 8), 1179)
49: ((3, 14, 2, 33, 39, 21, 7, 26, 1, 42, 25, 43, 49, 44, 36, 41, 31, 15, 29, 46, 40, 47, 48, 0, 45, 11, 27, 18, 4, 13, 37, 30, 6, 34, 5, 20, 16, 10, 22, 23, 38, 24, 28, 12, 35, 19, 32, 9, 17, 8), 1179)
50: ((3, 14, 2, 33, 39, 21, 7, 26, 1, 42, 25, 43, 49, 44, 36, 41, 31, 15, 29, 46, 40, 47, 48, 0, 45, 11, 27, 18, 4, 13, 37, 30, 6, 34, 5, 20, 16, 10, 22, 23, 38, 24, 28, 12, 35, 19, 32, 9, 17, 8), 1179)
51: ((3, 14, 2, 33, 39, 21, 7, 26, 1, 42, 25, 43, 49, 44, 36, 41, 31, 15, 29, 46, 40, 47, 48, 0, 45, 11, 27, 18, 4, 13, 37, 30, 6, 34, 5, 20, 16, 10, 22, 23, 38, 24, 28, 12, 35, 19, 32, 9, 17, 8), 1179)
52: ((3, 14, 2, 33, 39, 21, 7, 26, 1, 42, 25, 43, 49, 44, 36, 41, 31, 15, 29, 46, 40, 47, 48, 0, 45, 11, 27, 18, 4, 13, 37, 30, 6, 34, 5, 20, 16, 10, 22, 23, 38, 24, 28, 12, 35, 19, 32, 9, 17, 8), 1179)
53: ((3, 14, 2, 33, 39, 21, 7, 26, 1, 42, 25, 43, 49, 44, 36, 41, 31, 15, 29, 46, 40, 47, 48, 0, 45, 11, 27, 18, 4, 13, 37, 30, 6, 34, 5, 20, 16, 10, 22, 23, 38, 24, 28, 12, 35, 19, 32, 9, 17, 8), 1179)
54: ((3, 14, 2, 33, 39, 21, 7, 26, 1, 42, 25, 43, 49, 44, 36, 41, 31, 15, 29, 46, 40, 47, 48, 0, 45, 11, 27, 18, 4, 13, 37, 30, 6, 34, 5, 20, 16, 10, 22, 23, 38, 24, 28, 12, 35, 19, 32, 9, 17, 8), 1179)
55: ((3, 14, 2, 33, 39, 21, 7, 26, 1, 42, 25, 43, 49, 44, 36, 41, 31, 15, 29, 46, 40, 47, 48, 0, 45, 11, 27, 18, 4, 13, 37, 30, 6, 34, 5, 20, 16, 10, 22, 23, 38, 24, 28, 12, 35, 19, 32, 9, 17, 8), 1179)
56: ((3, 14, 2, 33, 39, 21, 7, 26, 1, 42, 25, 43, 49, 44, 36, 41, 31, 15, 29, 46, 40, 47, 48, 0, 45, 11, 27, 18, 4, 13, 37, 30, 6, 34, 5, 20, 16, 10, 22, 23, 38, 24, 28, 12, 35, 19, 32, 9, 17, 8), 1179)
57: ((3, 14, 2, 33, 39, 21, 7, 26, 1, 42, 25, 43, 49, 44, 36, 41, 31, 15, 29, 46, 40, 47, 48, 0, 45, 11, 27, 18, 4, 13, 37, 30, 6, 34, 5, 20, 16, 10, 22, 23, 38, 24, 28, 12, 35, 19, 32, 9, 17, 8), 1179)
58: ((3, 14, 2, 33, 39, 21, 7, 26, 1, 42, 25, 43, 49, 44, 36, 41, 31, 15, 29, 46, 40, 47, 48, 0, 45, 11, 27, 18, 4, 13, 37, 30, 6, 34, 5, 20, 16, 10, 22, 23, 38, 24, 28, 12, 35, 19, 32, 9, 17, 8), 1179)
59: ((3, 14, 2, 33, 39, 21, 7, 26, 1, 42, 25, 43, 49, 44, 36, 41, 31, 15, 29, 46, 40, 47, 48, 0, 45, 11, 27, 18, 4, 13, 37, 30, 6, 34, 5, 20, 16, 10, 22, 23, 38, 24, 28, 12, 35, 19, 32, 9, 17, 8), 1179)
60: ((3, 14, 2, 33, 39, 21, 7, 26, 1, 42, 25, 43, 49, 44, 36, 41, 31, 15, 29, 46, 40, 47, 48, 0, 45, 11, 27, 18, 4, 13, 37, 30, 6, 34, 5, 20, 16, 10, 22, 23, 38, 24, 28, 12, 35, 19, 32, 9, 17, 8), 1179)
61: ((3, 14, 2, 33, 39, 21, 7, 26, 1, 42, 25, 43, 49, 44, 36, 41, 31, 15, 29, 46, 40, 47, 48, 0, 45, 11, 27, 18, 4, 13, 37, 30, 6, 34, 5, 20, 16, 10, 22, 23, 38, 24, 28, 12, 35, 19, 32, 9, 17, 8), 1179)
62: ((3, 14, 2, 33, 39, 21, 7, 26, 1, 42, 25, 43, 49, 44, 36, 41, 31, 15, 29, 46, 40, 47, 48, 0, 45, 11, 27, 18, 4, 13, 37, 30, 6, 34, 5, 20, 16, 10, 22, 23, 38, 24, 28, 12, 35, 19, 32, 9, 17, 8), 1179)
63: ((3, 14, 2, 33, 39, 21, 7, 26, 1, 42, 25, 43, 49, 44, 36, 41, 31, 15, 29, 46, 40, 47, 48, 0, 45, 11, 27, 18, 4, 13, 37, 30, 6, 34, 5, 20, 16, 10, 22, 23, 38, 24, 28, 12, 35, 19, 32, 9, 17, 8), 1179)
64: ((3, 14, 2, 33, 39, 21, 7, 26, 1, 42, 25, 43, 49, 44, 36, 41, 31, 15, 29, 46, 40, 47, 48, 0, 45, 11, 27, 18, 4, 13, 37, 30, 6, 34, 5, 20, 16, 10, 22, 23, 38, 24, 28, 12, 35, 19, 32, 9, 17, 8), 1179)
65: ((3, 14, 2, 33, 39, 21, 7, 26, 1, 42, 25, 43, 49, 44, 36, 41, 31, 15, 29, 46, 40, 47, 48, 0, 45, 11, 27, 18, 4, 13, 37, 30, 6, 34, 5, 20, 16, 10, 22, 23, 38, 24, 28, 12, 35, 19, 32, 9, 17, 8), 1179)
66: ((3, 14, 2, 33, 39, 21, 7, 26, 1, 42, 25, 43, 49, 44, 36, 41, 31, 15, 29, 46, 40, 47, 48, 0, 45, 11, 27, 18, 4, 13, 37, 30, 6, 34, 5, 20, 16, 10, 22, 23, 38, 24, 28, 12, 35, 19, 32, 9, 17, 8), 1179)
67: ((3, 14, 2, 33, 39, 21, 7, 26, 1, 42, 25, 43, 49, 44, 36, 41, 31, 15, 29, 46, 40, 47, 48, 0, 45, 11, 27, 18, 4, 13, 37, 30, 6, 34, 5, 20, 16, 10, 22, 23, 38, 24, 28, 12, 35, 19, 32, 9, 17, 8), 1179)
68: ((3, 14, 2, 33, 39, 21, 7, 26, 1, 42, 25, 43, 49, 44, 36, 41, 31, 15, 29, 46, 40, 47, 48, 0, 45, 11, 27, 18, 4, 13, 37, 30, 6, 34, 5, 20, 16, 10, 22, 23, 38, 24, 28, 12, 35, 19, 32, 9, 17, 8), 1179)
69: ((3, 14, 2, 33, 39, 21, 7, 26, 1, 42, 25, 43, 49, 44, 36, 41, 31, 15, 29, 46, 40, 47, 48, 0, 45, 11, 27, 18, 4, 13, 37, 30, 6, 34, 5, 20, 16, 10, 22, 23, 38, 24, 28, 12, 35, 19, 32, 9, 17, 8), 1179)
70: ((3, 14, 2, 33, 39, 21, 7, 26, 1, 42, 25, 43, 49, 44, 36, 41, 31, 15, 29, 46, 40, 47, 48, 0, 45, 11, 27, 18, 4, 13, 37, 30, 6, 34, 5, 20, 16, 10, 22, 23, 38, 24, 28, 12, 35, 19, 32, 9, 17, 8), 1179)
71: ((3, 14, 2, 33, 39, 21, 7, 26, 1, 42, 25, 43, 49, 44, 36, 41, 31, 15, 29, 46, 40, 47, 48, 0, 45, 11, 27, 18, 4, 13, 37, 30, 6, 34, 5, 20, 16, 10, 22, 23, 38, 24, 28, 12, 35, 19, 32, 9, 17, 8), 1179)
72: ((3, 14, 2, 33, 39, 21, 7, 26, 1, 42, 25, 43, 49, 44, 36, 41, 31, 15, 29, 46, 40, 47, 48, 0, 45, 11, 27, 18, 4, 13, 37, 30, 6, 34, 5, 20, 16, 10, 22, 23, 38, 24, 28, 12, 35, 19, 32, 9, 17, 8), 1179)
73: ((3, 14, 2, 33, 39, 21, 7, 26, 1, 42, 25, 43, 49, 44, 36, 41, 31, 15, 29, 46, 40, 47, 48, 0, 45, 11, 27, 18, 4, 13, 37, 30, 6, 34, 5, 20, 16, 10, 22, 23, 38, 24, 28, 12, 35, 19, 32, 9, 17, 8), 1179)
74: ((3, 14, 2, 33, 39, 21, 7, 26, 1, 42, 25, 43, 49, 44, 36, 41, 31, 15, 29, 46, 40, 47, 48, 0, 45, 11, 27, 18, 4, 13, 37, 30, 6, 34, 5, 20, 16, 10, 22, 23, 38, 24, 28, 12, 35, 19, 32, 9, 17, 8), 1179)
75: ((3, 14, 2, 33, 39, 21, 7, 26, 1, 42, 25, 43, 49, 44, 36, 41, 31, 15, 29, 46, 40, 47, 48, 0, 45, 11, 27, 18, 4, 13, 37, 30, 6, 34, 5, 20, 16, 10, 22, 23, 38, 24, 28, 12, 35, 19, 32, 9, 17, 8), 1179)
76: ((3, 14, 2, 33, 39, 21, 7, 26, 1, 42, 25, 43, 49, 44, 36, 41, 31, 15, 29, 46, 40, 47, 48, 0, 45, 11, 27, 18, 4, 13, 37, 30, 6, 34, 5, 20, 16, 10, 22, 23, 38, 24, 28, 12, 35, 19, 32, 9, 17, 8), 1179)
77: ((3, 14, 2, 33, 39, 21, 7, 26, 1, 42, 25, 43, 49, 44, 36, 41, 31, 15, 29, 46, 40, 47, 48, 0, 45, 11, 27, 18, 4, 13, 37, 30, 6, 34, 5, 20, 16, 10, 22, 23, 38, 24, 28, 12, 35, 19, 32, 9, 17, 8), 1179)
78: ((3, 14, 2, 33, 39, 21, 7, 26, 1, 42, 25, 43, 49, 44, 36, 41, 31, 15, 29, 46, 40, 47, 48, 0, 45, 11, 27, 18, 4, 13, 37, 30, 6, 34, 5, 20, 16, 10, 22, 23, 38, 24, 28, 12, 35, 19, 32, 9, 17, 8), 1179)
79: ((3, 14, 2, 33, 39, 21, 7, 26, 1, 42, 25, 43, 49, 44, 36, 41, 31, 15, 29, 46, 40, 47, 48, 0, 45, 11, 27, 18, 4, 13, 37, 30, 6, 34, 5, 20, 16, 10, 22, 23, 38, 24, 28, 12, 35, 19, 32, 9, 17, 8), 1179)
80: ((3, 14, 2, 33, 39, 21, 7, 26, 1, 42, 25, 43, 49, 44, 36, 41, 31, 15, 29, 46, 40, 47, 48, 0, 45, 11, 27, 18, 4, 13, 37, 30, 6, 34, 5, 20, 16, 10, 22, 23, 38, 24, 28, 12, 35, 19, 32, 9, 17, 8), 1179)
81: ((3, 14, 2, 33, 39, 21, 7, 26, 1, 42, 25, 43, 49, 44, 36, 41, 31, 15, 29, 46, 40, 47, 48, 0, 45, 11, 27, 18, 4, 13, 37, 30, 6, 34, 5, 20, 16, 10, 22, 23, 38, 24, 28, 12, 35, 19, 32, 9, 17, 8), 1179)
82: ((3, 14, 2, 33, 39, 21, 7, 26, 1, 42, 25, 43, 49, 44, 36, 41, 31, 15, 29, 46, 40, 47, 48, 0, 45, 11, 27, 18, 4, 13, 37, 30, 6, 34, 5, 20, 16, 10, 22, 23, 38, 24, 28, 12, 35, 19, 32, 9, 17, 8), 1179)
83: ((3, 14, 2, 33, 39, 21, 7, 26, 1, 42, 25, 43, 49, 44, 36, 41, 31, 15, 29, 46, 40, 47, 48, 0, 45, 11, 27, 18, 4, 13, 37, 30, 6, 34, 5, 20, 16, 10, 22, 23, 38, 24, 28, 12, 35, 19, 32, 9, 17, 8), 1179)
84: ((3, 14, 2, 33, 39, 21, 7, 26, 1, 42, 25, 43, 49, 44, 36, 41, 31, 15, 29, 46, 40, 47, 48, 0, 45, 11, 27, 18, 4, 13, 37, 30, 6, 34, 5, 20, 16, 10, 22, 23, 38, 24, 28, 12, 35, 19, 32, 9, 17, 8), 1179)
85: ((3, 14, 2, 33, 39, 21, 7, 26, 1, 42, 25, 43, 49, 44, 36, 41, 31, 15, 29, 46, 40, 47, 48, 0, 45, 11, 27, 18, 4, 13, 37, 30, 6, 34, 5, 20, 16, 10, 22, 23, 38, 24, 28, 12, 35, 19, 32, 9, 17, 8), 1179)
86: ((3, 14, 2, 33, 39, 21, 7, 26, 1, 42, 25, 43, 49, 44, 36, 41, 31, 15, 29, 46, 40, 47, 48, 0, 45, 11, 27, 18, 4, 13, 37, 30, 6, 34, 5, 20, 16, 10, 22, 23, 38, 24, 28, 12, 35, 19, 32, 9, 17, 8), 1179)
87: ((3, 14, 2, 33, 39, 21, 7, 26, 1, 42, 25, 43, 49, 44, 36, 41, 31, 15, 29, 46, 40, 47, 48, 0, 45, 11, 27, 18, 4, 13, 37, 30, 6, 34, 5, 20, 16, 10, 22, 23, 38, 24, 28, 12, 35, 19, 32, 9, 17, 8), 1179)
88: ((3, 14, 2, 33, 39, 21, 7, 26, 1, 42, 25, 43, 49, 44, 36, 41, 31, 15, 29, 46, 40, 47, 48, 0, 45, 11, 27, 18, 4, 13, 37, 30, 6, 34, 5, 20, 16, 10, 22, 23, 38, 24, 28, 12, 35, 19, 32, 9, 17, 8), 1179)
89: ((3, 14, 2, 33, 39, 21, 7, 26, 1, 42, 25, 43, 49, 44, 36, 41, 31, 15, 29, 46, 40, 47, 48, 0, 45, 11, 27, 18, 4, 13, 37, 30, 6, 34, 5, 20, 16, 10, 22, 23, 38, 24, 28, 12, 35, 19, 32, 9, 17, 8), 1179)
90: ((3, 14, 2, 33, 39, 21, 7, 26, 1, 42, 25, 43, 49, 44, 36, 41, 31, 15, 29, 46, 40, 47, 48, 0, 45, 11, 27, 18, 4, 13, 37, 30, 6, 34, 5, 20, 16, 10, 22, 23, 38, 24, 28, 12, 35, 19, 32, 9, 17, 8), 1179)
91: ((3, 15, 2, 21, 7, 1, 43, 5, 24, 44, 36, 11, 49, 41, 35, 23, 19, 31, 16, 39, 9, 28, 14, 26, 40, 18, 6, 42, 25, 48, 47, 46, 0, 10, 45, 29, 13, 34, 17, 32, 8, 37, 12, 33, 20, 4, 30, 27, 22, 38), 1177)
92: ((3, 15, 2, 21, 7, 1, 43, 5, 24, 44, 36, 11, 49, 41, 35, 23, 19, 31, 16, 39, 9, 28, 14, 26, 40, 18, 6, 42, 25, 48, 47, 46, 0, 10, 45, 29, 13, 34, 17, 32, 8, 37, 12, 33, 20, 4, 30, 27, 22, 38), 1177)
93: ((3, 15, 2, 21, 7, 1, 43, 5, 24, 44, 36, 11, 49, 41, 35, 23, 19, 31, 16, 39, 9, 28, 14, 26, 40, 18, 6, 42, 25, 48, 47, 46, 0, 10, 45, 29, 13, 34, 17, 32, 8, 37, 12, 33, 20, 4, 30, 27, 22, 38), 1177)
94: ((3, 15, 2, 21, 7, 1, 43, 5, 24, 44, 36, 11, 49, 41, 35, 23, 19, 31, 16, 39, 9, 28, 14, 26, 40, 18, 6, 42, 25, 48, 47, 46, 0, 10, 45, 29, 13, 34, 17, 32, 8, 37, 12, 33, 20, 4, 30, 27, 22, 38), 1177)
95: ((3, 15, 2, 21, 7, 1, 43, 5, 24, 44, 36, 11, 49, 41, 35, 23, 19, 31, 16, 39, 9, 28, 14, 26, 40, 18, 6, 42, 25, 48, 47, 46, 0, 10, 45, 29, 13, 34, 17, 32, 8, 37, 12, 33, 20, 4, 30, 27, 22, 38), 1177)
Best: ((3, 15, 2, 21, 7, 1, 43, 5, 24, 44, 36, 11, 49, 41, 35, 23, 19, 31, 16, 39, 9, 28, 14, 26, 40, 18, 6, 42, 25, 48, 47, 46, 0, 10, 45, 29, 13, 34, 17, 32, 8, 37, 12, 33, 20, 4, 30, 27, 22, 38), 1177)
Runtime: 209.1116677 s